% # columns="iteration, evaluation, sigma, max axis length,  min axis length, all principle axes lengths  (sorted square roots of eigenvalues of C)", seed=769577, Fri May 27 14:26:01 2022
810 7290 11.107232339817669 0.0003946368851329774 1.8263868846218163e-08 1.8263868846218163e-08 6.027606999265191e-06 1.9930749630901103e-05 9.571333141571052e-05 0.00021806957086536563 0.0003946368851329774
548 4932 0.33938216402309196 0.003818590878881857 1.1764502599339315e-06 1.1764502599339315e-06 0.00023543874456702878 0.0010405708502686105 0.0011958465971721797 0.002366488949652324 0.003818590878881857
721 6489 20.58851811227344 0.00040134828840783434 2.6447969340483854e-07 2.6447969340483854e-07 2.580167420749128e-05 4.972709512749469e-05 0.0001985905380157901 0.00023016121240369245 0.00040134828840783434
1266 11394 4.886774911433133 1.0637135605156702 0.820303186998457 0.820303186998457 0.912847162211866 0.9573051848123951 0.9983447568872653 1.0132351746743424 1.0637135605156702
565 5085 0.8636391291895962 0.01130969346641215 2.2956444434207118e-07 2.2956444434207118e-07 0.00023240259549229858 0.0006240966726106476 0.0015340072947520541 0.004343404633184946 0.01130969346641215
1820 16380 1142468.5083614327 4.393520744266899e-10 3.58255478303204e-15 3.58255478303204e-15 3.5664441374698265e-11 4.17310906637211e-11 8.368063243781494e-11 2.8500506451255593e-10 4.393520744266899e-10
1152 10368 68.56209501907726 1.263929876648444 0.23340452192908245 0.23340452192908245 0.5055861710518247 0.6861022754029795 0.871820196666396 1.1673274577509982 1.263929876648444
148 1332 0.015202690018406077 0.6258871640893396 0.0009533747467540003 0.0009533747467540003 0.07282506842055841 0.19311934073460227 0.47868082010174956 0.516423853447428 0.6258871640893396
1668 15012 7314913.492419353 6.350438188074515e-10 5.829121991446104e-13 5.829121991446104e-13 8.165422341451284e-11 1.7684940119012141e-10 3.58818032113043e-10 5.271614754785438e-10 6.350438188074515e-10
108 972 0.2742811419194519 0.8773883065079539 0.023654332445456713 0.023654332445456713 0.07546638376751612 0.350234073064937 0.4268012074497957 0.7315392216553646 0.8773883065079539
94 846 0.18687295924214373 1.8732679583729497 0.02439517081227887 0.02439517081227887 0.13685608430669538 0.29511516011407535 0.40832706360670645 0.7344661878888772 1.8732679583729497
21 189 0.0878056157329774 1.182794670836343 0.41084596117607036 0.41084596117607036 0.5337569354269439 0.6609037860724789 0.7250653435657358 1.0131049958534117 1.182794670836343
273 2457 0.002813466253890155 0.12733646505725515 1.8431911824199205e-05 1.8431911824199205e-05 0.015493827239906617 0.03872301829572549 0.0681073494021777 0.11813366276836319 0.12733646505725515
141 1269 0.0003990290054078727 0.22439415439406113 0.016515795470814828 0.016515795470814828 0.040572325345393484 0.06651695544633002 0.1105185685674319 0.1356764647055034 0.22439415439406113
1141 10269 400.8368525382911 9.248290354658217e-07 2.0338960129598543e-11 2.0338960129598543e-11 1.0479850909569045e-07 1.6872960935559442e-07 4.3845131641349837e-07 8.108817998669695e-07 9.248290354658217e-07
348 3132 0.00013258541640003008 0.09311217613858525 1.02878933199391e-07 1.02878933199391e-07 0.02095470900987014 0.029800905043875656 0.035388282708686596 0.07604340098912471 0.09311217613858525
19 171 0.38252294568486805 1.347643178083963 0.32010172945111615 0.32010172945111615 0.6488636170997288 0.8113801631321508 0.9169820336076181 0.9838953413444502 1.347643178083963
770 6930 0.35574318510503006 0.0001432122157466906 2.1173209775053797e-09 2.1173209775053797e-09 2.6451975549157482e-05 3.754397041608793e-05 8.287365339791548e-05 0.00010750870747337746 0.0001432122157466906
270 2430 0.08318645859546438 0.27912329274441755 0.0001788577618707426 0.0001788577618707426 0.00975068190662708 0.039418127517235786 0.05647623607447358 0.16038254954330816 0.27912329274441755
775 6975 3.9229462203839565 0.00020848397580830976 6.9773240612378675e-09 6.9773240612378675e-09 1.654961551166955e-05 7.20761758810634e-05 0.00010134803973566812 0.00018750419168752917 0.00020848397580830976
1 9 0.24181484771353162 1.0000416675347343 1.0 1.0 1.0000083333680556 1.0000166668055563 1.0000250003125026 1.0000333338888951 1.0000416675347343
460 4140 0.21078487183850114 0.012224971415581746 2.4837324149934363e-06 2.4837324149934363e-06 0.0012418625761164116 0.003046728669747782 0.005146804427505362 0.006248238167941418 0.012224971415581746
896 8064 92.05568928398445 6.424601338038515e-05 1.1986498696687987e-07 1.1986498696687987e-07 8.827895172565775e-06 2.263804579190037e-05 4.17634173701803e-05 5.2015157090231295e-05 6.424601338038515e-05
453 4077 0.47411388508448393 0.05107304744928333 1.9608236043509892e-05 1.9608236043509892e-05 0.0001734781607581814 0.004858942114505508 0.008956050393859055 0.024665638259763003 0.05107304744928333
549 4941 0.32961034144839485 0.0036492382790133107 1.139906219547293e-06 1.139906219547293e-06 0.00022982904742464396 0.0009945648999291118 0.0012151406736685287 0.0024427181942824608 0.0036492382790133107
811 7299 10.3713345775033 0.00038355996701987466 1.749515080754344e-08 1.749515080754344e-08 6.108968001656277e-06 1.9648846701961563e-05 9.402412683275427e-05 0.00021808731844850625 0.00038355996701987466
274 2466 0.002487122295338754 0.12151814938388461 1.8116737371078893e-05 1.8116737371078893e-05 0.015663588752129216 0.03959793228909935 0.06940912373156266 0.1130547672123387 0.12151814938388461
22 198 0.09185721893289767 1.1823747214121758 0.39837580000011963 0.39837580000011963 0.5038557708023428 0.6647191606397491 0.6827070474059242 1.0141416528255036 1.1823747214121758
149 1341 0.014307592011112326 0.5956588415543806 0.0009127249561580167 0.0009127249561580167 0.07335877936835263 0.1871550488124568 0.4627402502116769 0.5226719826770363 0.5956588415543806
95 855 0.18976824755687308 1.9431228267563827 0.0223858355550089 0.0223858355550089 0.1325199745021704 0.32320323039064386 0.4071593151502949 0.6941374764455613 1.9431228267563827
109 981 0.2597783307402233 0.8523243258223424 0.022079371597856372 0.022079371597856372 0.0805056425775088 0.35695702019883074 0.4274754742880516 0.6927236926860784 0.8523243258223424
566 5094 0.9230976107563205 0.010633073012909002 2.1988521930870332e-07 2.1988521930870332e-07 0.00022690440234044367 0.0006097218163712495 0.0016228279591063227 0.004187101776246213 0.010633073012909002
1267 11403 5.13596177678867 1.0895804031163017 0.7847416067719208 0.7847416067719208 0.8650114922153378 0.9258423237986299 0.9762959467609182 0.9966009092998759 1.0895804031163017
722 6498 16.94881814763346 0.00039597383386429064 2.509735696063294e-07 2.509735696063294e-07 2.572848505125894e-05 4.791123484724873e-05 0.00019185218530250506 0.00022480694524424383 0.00039597383386429064
1821 16389 1201517.607408663 4.4362597808710133e-10 3.4506866247915895e-15 3.4506866247915895e-15 3.486344597150222e-11 3.588074848290643e-11 8.427757884077918e-11 2.843237452087056e-10 4.4362597808710133e-10
1153 10377 72.63063187730508 1.2642807666873466 0.2151756109009236 0.2151756109009236 0.5176569988290084 0.6741015402449916 0.8559009320083824 1.1847039828330663 1.2642807666873466
1669 15021 7019975.5294614965 6.242632455532729e-10 5.709102329548124e-13 5.709102329548124e-13 8.094356926541042e-11 1.7294148177615067e-10 3.5246512166187606e-10 5.225790522292934e-10 6.242632455532729e-10
142 1278 0.00034774087105989346 0.2225923028933229 0.016583835755411953 0.016583835755411953 0.038555710966962045 0.06710243334275448 0.10731093075128251 0.12659540726704313 0.2225923028933229
349 3141 0.00012967879219962918 0.09097763713809835 1.0172359568685579e-07 1.0172359568685579e-07 0.020253100009673394 0.029428261183816494 0.03468082406570414 0.07181817101222038 0.09097763713809835
1142 10278 352.51555729174146 9.404510510767406e-07 2.024454851529851e-11 2.024454851529851e-11 9.300522230601376e-08 1.6301740623170925e-07 4.345856393538306e-07 7.848659828986931e-07 9.404510510767406e-07
771 6939 0.3515937832045914 0.00014751088084507296 2.056030241370518e-09 2.056030241370518e-09 2.4770564922182145e-05 3.659569814081962e-05 8.225952613264617e-05 0.0001038976776380802 0.00014751088084507296
2 18 0.25564691405172385 1.0846884192064032 0.8875380323860014 0.8875380323860014 0.9471205637267154 0.9830759577398022 1.0004096372064832 1.009457829125629 1.0846884192064032
897 8073 114.7945085935394 6.446379341242657e-05 1.2180079921711612e-07 1.2180079921711612e-07 7.968967796936872e-06 2.248203611230227e-05 4.525925295830642e-05 5.332984739932679e-05 6.446379341242657e-05
454 4086 0.46480886686597744 0.04686735543898002 1.9662564566427844e-05 1.9662564566427844e-05 0.00015856785682332974 0.004890576477896575 0.0089281813577937 0.024203698677267838 0.04686735543898002
550 4950 0.33540058953029156 0.0035496245968765906 1.0991422254429164e-06 1.0991422254429164e-06 0.000228543901494769 0.0009739246100245513 0.00123502409456788 0.002374641423484741 0.0035496245968765906
20 180 0.4164230127181348 1.401170065156364 0.2884746489415749 0.2884746489415749 0.6669801592573463 0.8301556319416794 0.9333226367954665 0.995204913043037 1.401170065156364
776 6984 3.8408196721277803 0.00019989672664021027 7.109764436097973e-09 7.109764436097973e-09 1.5434738887196184e-05 6.990842319064584e-05 0.00010111642109004554 0.00018529837986458968 0.00019989672664021027
461 4149 0.20891883250822926 0.012174542778002576 2.3791170266968675e-06 2.3791170266968675e-06 0.0012638531076372588 0.003005369700465679 0.004915219287335027 0.006032667646457678 0.012174542778002576
271 2439 0.08480034176855972 0.2678192158687999 0.0001830183464191737 0.0001830183464191737 0.009337454864580035 0.039638863451171756 0.056448229178991775 0.15308495877963815 0.2678192158687999
96 864 0.16629776523373938 1.9264888526497899 0.021300595484764626 0.021300595484764626 0.13746839266452066 0.31689313447809603 0.4100680749477857 0.6916432599376571 1.9264888526497899
1268 11412 5.270677474777838 1.1789274570645447 0.7250637138242129 0.7250637138242129 0.8343481620846397 0.9215543852569704 0.9895560706226308 1.02397634365942 1.1789274570645447
275 2475 0.0026400402847695974 0.12105872893652511 1.6673398297495383e-05 1.6673398297495383e-05 0.01541951642768932 0.03888269462878627 0.06943103482578038 0.1124479510191716 0.12105872893652511
812 7308 10.03190924810222 0.0003721967421771908 1.6608556920841053e-08 1.6608556920841053e-08 6.171294760821226e-06 1.965971327098162e-05 9.306902211395913e-05 0.0002191583892603916 0.0003721967421771908
567 5103 0.9346271417418599 0.010800540502436663 2.2813667523232431e-07 2.2813667523232431e-07 0.0002200786086572783 0.0006228195099600598 0.0015173461346961587 0.004348963101064826 0.010800540502436663
110 990 0.24992340876830116 0.7777558986763751 0.021378442150490555 0.021378442150490555 0.07974794528438214 0.3548562999533405 0.4333116295852523 0.7154802729298998 0.7777558986763751
723 6507 13.787288170699508 0.0003696813265760431 2.2997223732467752e-07 2.2997223732467752e-07 2.617773223807831e-05 4.802472034440824e-05 0.00018877781159486764 0.00021850059978213238 0.0003696813265760431
23 207 0.08379258872623424 1.1403496389716565 0.4519102613778632 0.4519102613778632 0.47651882035082554 0.6453571802967328 0.6755054269058144 1.0030424072485946 1.1403496389716565
1154 10386 66.53818193271496 1.3287021472432439 0.21159418851015135 0.21159418851015135 0.51197046022161 0.6194947465041035 0.8525288956760609 1.20387942097968 1.3287021472432439
150 1350 0.01552394537876274 0.5864827466267998 0.0008959051460750426 0.0008959051460750426 0.06845939747729354 0.18554253784576277 0.4626313219839707 0.5205769559752956 0.5864827466267998
1822 16398 1299485.6034260392 4.330509426158656e-10 3.800758881669561e-15 3.800758881669561e-15 3.310826886222724e-11 3.562864132288594e-11 7.870813340396128e-11 2.8101372991898067e-10 4.330509426158656e-10
1670 15030 6681155.165560093 6.167010005046169e-10 5.643954705933258e-13 5.643954705933258e-13 8.099026458672154e-11 1.6360195752136594e-10 3.5529287079568213e-10 5.002492785086208e-10 6.167010005046169e-10
143 1287 0.00031655018539527094 0.22317096544710324 0.015468355411386846 0.015468355411386846 0.039070725429342285 0.06585920956443178 0.10171292024734961 0.1236746243626274 0.22317096544710324
350 3150 0.00011812154373452819 0.09054678005379795 8.976815207498736e-08 8.976815207498736e-08 0.019678301930472947 0.028113275695375205 0.037471441607144586 0.07135283434564056 0.09054678005379795
1143 10287 305.6553038340639 9.223276792416898e-07 1.9561793673057835e-11 1.9561793673057835e-11 8.863998092330162e-08 1.6084745852991843e-07 4.2386835842533444e-07 7.61226333028668e-07 9.223276792416898e-07
551 4959 0.34733231507286666 0.003628958280960851 1.0655161244910805e-06 1.0655161244910805e-06 0.0002119749332531536 0.0009577213093630775 0.0012355022086803977 0.002433019556990986 0.003628958280960851
772 6948 0.3227719345649434 0.0001479551271324405 1.890158159291963e-09 1.890158159291963e-09 2.377578988604871e-05 3.8965209579946026e-05 8.251235789416501e-05 0.00010624799370013222 0.0001479551271324405
898 8082 139.28049660240848 6.0510687267876136e-05 1.2271699705358242e-07 1.2271699705358242e-07 8.004702591004293e-06 2.2983188200459127e-05 4.583218270170165e-05 5.316310583332996e-05 6.0510687267876136e-05
455 4095 0.48804822408009574 0.045109921333879234 1.9788254946020398e-05 1.9788254946020398e-05 0.0001557921028666947 0.004759288455418865 0.008894486771615426 0.023393168767412657 0.045109921333879234
272 2448 0.1053266866173996 0.26162616064798067 0.0001823906285656433 0.0001823906285656433 0.008793889047747475 0.03983453834093616 0.0559835331680306 0.15625664530651073 0.26162616064798067
3 27 0.2729236077905949 1.1861127469339419 0.7885870720694249 0.7885870720694249 0.9120147102428576 1.0076653594611495 1.0140259453492477 1.0191073490925204 1.1861127469339419
777 6993 3.8813283729056436 0.00019259176953139882 7.370633133764533e-09 7.370633133764533e-09 1.5312858620520845e-05 6.628658812052779e-05 9.698751068375142e-05 0.00018391728476988193 0.00019259176953139882
276 2484 0.003013620880047643 0.12913116699207947 1.6346346135586057e-05 1.6346346135586057e-05 0.014643853296680174 0.03845919536272215 0.07002484612922374 0.11390945350577632 0.12913116699207947
568 5112 0.8530031037554744 0.010510730878320171 2.3421828376572798e-07 2.3421828376572798e-07 0.00021967169131455994 0.0006000011063509073 0.0014752146212691206 0.004049841787338408 0.010510730878320171
21 189 0.4657869375874087 1.4275973110490265 0.2770602573172881 0.2770602573172881 0.6324500570156093 0.7942190413598318 0.8937434989803528 1.0798691879692612 1.4275973110490265
462 4158 0.22612132208510918 0.011504873997454623 2.3352433667182184e-06 2.3352433667182184e-06 0.001257513585201559 0.0030474236965090124 0.004747556124895106 0.0059547479352647014 0.011504873997454623
813 7317 9.53646510324937 0.00036966315866467526 1.570034887854533e-08 1.570034887854533e-08 6.1898289329314516e-06 1.8941780869732282e-05 9.369365310177311e-05 0.0002129159666994824 0.00036966315866467526
1269 11421 5.891034077941836 1.1906128482458567 0.7089423650925419 0.7089423650925419 0.7981932524675764 0.886068065512367 1.016456183444943 1.05842581013995 1.1906128482458567
97 873 0.14885759307709104 1.8563936960070935 0.020502369196910893 0.020502369196910893 0.13445129270002826 0.3199896299557972 0.4038026194974098 0.6661845853272328 1.8563936960070935
724 6516 12.235760163392438 0.0003643344499273469 2.1893394472860292e-07 2.1893394472860292e-07 2.5750843044532925e-05 4.7371507239923625e-05 0.0001757690825638131 0.0002113409118999554 0.0003643344499273469
24 216 0.07955012855581085 1.0994380136848911 0.4336284900243321 0.4336284900243321 0.4550764265197437 0.6342030552943654 0.6713584920593412 0.9976057107290948 1.0994380136848911
111 999 0.2715837436144702 0.8085123819079513 0.02141407869230245 0.02141407869230245 0.07344418743352371 0.3382001379409386 0.4156774944924937 0.7298960307045951 0.8085123819079513
1155 10395 68.76655845266804 1.255127037471732 0.2027093774156015 0.2027093774156015 0.48335499242108776 0.610045714369305 0.8461173786532864 1.1912665920188539 1.255127037471732
1823 16407 1177111.12356254 4.4348522420607506e-10 4.078778234817124e-15 4.078778234817124e-15 3.216266182623591e-11 3.449656616799657e-11 7.47761996634616e-11 2.728024917258932e-10 4.4348522420607506e-10
1671 15039 7209275.102938968 6.03311556532499e-10 5.755721933465795e-13 5.755721933465795e-13 8.074942017434205e-11 1.636901554115562e-10 3.440637379980478e-10 4.641239649486074e-10 6.03311556532499e-10
151 1359 0.016349491747110423 0.615201657287573 0.0008321898489755966 0.0008321898489755966 0.07291985257476667 0.1818869104520521 0.4795607726994143 0.5133005214507494 0.615201657287573
351 3159 0.00010841412510322702 1.0000416675347343 1.0 1.0 1.0000083333680556 1.0000166668055563 1.0000250003125026 1.0000333338888951 1.0000416675347343
552 4968 0.3436953599333142 0.003472160855676168 1.0262167786311155e-06 1.0262167786311155e-06 0.00022440058971308935 0.0009550400017318314 0.0012243463055627763 0.0023448568176781107 0.003472160855676168
144 1296 0.0002930505027892703 0.2271671382863473 0.015123765996293692 0.015123765996293692 0.03852817862556909 0.06333595176439695 0.09692971137218515 0.12145890710210494 0.2271671382863473
4 36 0.2761288417132351 1.2294775013907475 0.740830845934511 0.740830845934511 0.9126608188848924 0.9824140531778401 0.9954536553436137 1.0347647831042832 1.2294775013907475
277 2493 0.0029445961080414268 0.13930848166799414 1.5738317530832043e-05 1.5738317530832043e-05 0.014321644621682105 0.03830561600120721 0.07193166521179703 0.10807473570068322 0.13930848166799414
899 8091 131.4490947827594 5.712920331652256e-05 1.2625499601177204e-07 1.2625499601177204e-07 7.773565585805381e-06 2.2906651551122436e-05 4.550367986593018e-05 5.4736309197831725e-05 5.712920331652256e-05
814 7326 8.631941681800818 0.000361318505482035 1.3185085996415351e-08 1.3185085996415351e-08 6.282830085846117e-06 1.8961463237646132e-05 0.00010184428549776358 0.00021165180595699966 0.000361318505482035
22 198 0.42728065639961893 1.5634248581599972 0.2535362547748365 0.2535362547748365 0.6231713993008633 0.7555564046123472 0.9014219176510323 1.127302747247212 1.5634248581599972
778 7002 3.3758951161298842 0.0001844422914273977 7.501210911867884e-09 7.501210911867884e-09 1.5008933359616669e-05 6.311079409662935e-05 9.507236182264509e-05 0.00018152673481389704 0.0001844422914273977
273 2457 0.13241139914703443 0.2716532227836614 0.00017356797093888234 0.00017356797093888234 0.008955821600539347 0.0401861179472245 0.05926960575334859 0.15401680624348862 0.2716532227836614
773 6957 0.32979867219280734 0.0001514999471702748 1.8284831864377823e-09 1.8284831864377823e-09 2.334751943489623e-05 3.828876682748363e-05 7.903587942090653e-05 0.00010521391055512195 0.0001514999471702748
1144 10296 285.73701260225255 8.813214083805626e-07 1.9016968264863048e-11 1.9016968264863048e-11 8.892563464206414e-08 1.588558459988823e-07 4.123985602060448e-07 7.31649471194963e-07 8.813214083805626e-07
456 4104 0.488251271130811 0.04469564888782392 2.055599715726334e-05 2.055599715726334e-05 0.00015428358924152145 0.004655350118104986 0.008470914323374722 0.022837647376788586 0.04469564888782392
569 5121 0.8114537669763857 0.01004870352437448 2.2843776444919704e-07 2.2843776444919704e-07 0.00021411343933120392 0.0005673236219036058 0.0014504090797340895 0.004040833872553356 0.01004870352437448
463 4167 0.22657551687111305 0.010937783650890126 2.5198574379876356e-06 2.5198574379876356e-06 0.0012570151520832267 0.003034906246712895 0.004616751262177357 0.006034376647953607 0.010937783650890126
25 225 0.07533604780290706 1.0822329361657357 0.4281754387300265 0.4281754387300265 0.46242493008978475 0.5794491522107879 0.6668782150733887 0.985979351316563 1.0822329361657357
145 1305 0.00024343820573379907 0.21782701303965807 0.014108015666558272 0.014108015666558272 0.03814291167165124 0.06196579183553417 0.09557310671041366 0.12077794470758374 0.21782701303965807
1672 15048 7056451.495966524 5.76722484551359e-10 6.381904374306981e-13 6.381904374306981e-13 7.845308067056526e-11 1.6312776659398498e-10 3.342942827974748e-10 4.535419011935358e-10 5.76722484551359e-10
98 882 0.1278479399978344 1.776697090026277 0.018633099626944625 0.018633099626944625 0.1361609824936799 0.32206068373847274 0.39484681098916524 0.6565642346793689 1.776697090026277
553 4977 0.3794561167592328 0.0034470117015987962 9.85434203414228e-07 9.85434203414228e-07 0.00021813626547028444 0.000884799427078844 0.0012044528897658083 0.0024369900903208025 0.0034470117015987962
152 1368 0.018173959868288285 0.622536623016593 0.0008056366057729635 0.0008056366057729635 0.07380213360419408 0.18027678392966232 0.47381703211262244 0.48085178109414345 0.622536623016593
1824 16416 1129715.9164233191 4.452433935790245e-10 3.974665915043127e-15 3.974665915043127e-15 3.0713282652995915e-11 3.415421521265981e-11 7.625985184123993e-11 2.4899214937348896e-10 4.452433935790245e-10
900 8100 117.69709533357138 5.44500201255944e-05 1.223694923377658e-07 1.223694923377658e-07 7.635066052345299e-06 2.216837335957613e-05 4.544491345340664e-05 5.245757554183937e-05 5.44500201255944e-05
278 2502 0.002738574996460005 0.13623385832507884 1.514461270603381e-05 1.514461270603381e-05 0.013617720274301488 0.03681442074615416 0.07215363317573843 0.10657067181511388 0.13623385832507884
352 3168 9.528753150086274e-05 1.0729456616185156 0.8893533196136774 0.8893533196136774 0.9374520929360645 0.9837857336888689 1.005587238217093 1.009087869275564 1.0729456616185156
112 1008 0.2746065063330383 0.8784574886917692 0.020600363923205904 0.020600363923205904 0.07260584297682116 0.3377256328461127 0.4155892861200409 0.6667286970300798 0.8784574886917692
725 6525 12.659485624939682 0.00034307681495334623 2.039623120801197e-07 2.039623120801197e-07 2.6369186626878063e-05 4.7100363449985426e-05 0.00016888996093086713 0.00021295775208694665 0.00034307681495334623
815 7335 7.630251600870058 0.00036038757032995643 1.2249606956729887e-08 1.2249606956729887e-08 6.175842804422857e-06 1.8139744629468844e-05 0.00010051633254719681 0.00021401552161448938 0.00036038757032995643
1156 10404 83.96025515559356 1.3723519573910408 0.20158213662196636 0.20158213662196636 0.4902726551503278 0.5958719051357545 0.770674359994476 1.1802193516071964 1.3723519573910408
5 45 0.27496562377881134 1.3262983342235946 0.7355454147023673 0.7355454147023673 0.8640019446346406 0.9155067669937772 0.9668451226261349 1.0047648596802745 1.3262983342235946
274 2466 0.15182268878074032 0.28496104285459195 0.00016991315493689578 0.00016991315493689578 0.008902048054127691 0.03699627690940475 0.06050191800524729 0.15571589141959488 0.28496104285459195
23 207 0.4114156684767247 1.5260719107967107 0.2460758919009057 0.2460758919009057 0.5686978916421299 0.7669916367598255 0.9190433503449293 1.1026627624560115 1.5260719107967107
457 4113 0.42625124043268087 0.044443331990976824 2.0850927679261095e-05 2.0850927679261095e-05 0.00014740306594005097 0.0045749535175539 0.008356821286019401 0.022011233829972606 0.044443331990976824
1145 10305 274.6927984781261 9.037757657923091e-07 1.8463961002667627e-11 1.8463961002667627e-11 8.770119932582698e-08 1.5924953869752045e-07 3.808288465002431e-07 7.387138017971342e-07 9.037757657923091e-07
774 6966 0.32637025975687567 0.0001521583909385482 1.8345033660680684e-09 1.8345033660680684e-09 2.307564413851611e-05 3.709277070311051e-05 7.542275204981051e-05 0.00010932442411129505 0.0001521583909385482
779 7011 2.9098492356167602 0.0001800566189369208 7.322567377500115e-09 7.322567377500115e-09 1.4250370765696911e-05 6.099773649747217e-05 9.541564624708584e-05 0.00017372985673123344 0.0001800566189369208
464 4176 0.25139730661212384 0.010684747688248912 2.4072066198734057e-06 2.4072066198734057e-06 0.0012797322208135738 0.003155853327232428 0.004257721201410627 0.00615776452807691 0.010684747688248912
1673 15057 6789893.024769195 5.601901320415529e-10 6.277830260454565e-13 6.277830260454565e-13 7.802235399127913e-11 1.602715319855778e-10 3.070251937745195e-10 4.5611891569829527e-10 5.601901320415529e-10
113 1017 0.2998622388258809 0.8778593200916385 0.019056301285571817 0.019056301285571817 0.07557177605574561 0.3226218050504247 0.42148675981571326 0.6549417674281984 0.8778593200916385
26 234 0.0754768980811081 1.0988492860044587 0.39554345851893985 0.39554345851893985 0.45046145451664343 0.554693201866237 0.6698071532889283 0.9680529537486808 1.0988492860044587
99 891 0.140647821909751 1.6617662327988116 0.01805956197954373 0.01805956197954373 0.1374242458023169 0.3028825642496067 0.39738452860338797 0.6553697491843024 1.6617662327988116
554 4986 0.3852405856935162 0.003460753185164476 1.1186624741718077e-06 1.1186624741718077e-06 0.00020221376395686356 0.0008382426368913871 0.0011930443286712695 0.0024228189816586166 0.003460753185164476
353 3177 0.00010415226001500024 1.113516140837431 0.841629521933194 0.841629521933194 0.8878754680246231 0.9568524429530573 0.9792615191994484 1.0081334633326513 1.113516140837431
279 2511 0.002850986471373603 0.1355084975681705 1.4783335947552656e-05 1.4783335947552656e-05 0.013185466754627612 0.036540354653676596 0.07178791769489447 0.10106203894742562 0.1355084975681705
726 6534 11.10974076842303 0.00035631575108133136 1.933737140572023e-07 1.933737140572023e-07 2.5911694173749925e-05 4.738170178383151e-05 0.00018007489239669816 0.00020714849238856795 0.00035631575108133136
146 1314 0.00021668014158304205 0.20125316485140526 0.013935160050406903 0.013935160050406903 0.037857306416921616 0.06045391363821464 0.09561784189864338 0.1159647192398398 0.20125316485140526
1157 10413 94.52546380089579 1.4270165905065915 0.1975293844598373 0.1975293844598373 0.4655269217108093 0.5963498606741868 0.7876981951415934 1.1941679363809294 1.4270165905065915
570 5130 0.7834217633472129 0.010531013747110907 2.27359654079129e-07 2.27359654079129e-07 0.0002145658350350528 0.0005482424692652301 0.0013817419962562792 0.003771667079282925 0.010531013747110907
1825 16425 1020507.9801341463 4.299649642285701e-10 3.920505734338292e-15 3.920505734338292e-15 2.920753420883181e-11 3.453305295404942e-11 7.661925164178412e-11 2.401949706149808e-10 4.299649642285701e-10
901 8109 116.45080267888122 5.7176566942696704e-05 1.2056061072971362e-07 1.2056061072971362e-07 7.226973183957992e-06 2.06168338793009e-05 4.555762568643108e-05 5.131114211442475e-05 5.7176566942696704e-05
153 1377 0.017799454521117537 0.619476519939453 0.0007595701360569437 0.0007595701360569437 0.07945052392783523 0.16985043924344664 0.46777669106994263 0.501811820379978 0.619476519939453
458 4122 0.3796421851265881 0.043256188964976246 2.0512741638182205e-05 2.0512741638182205e-05 0.00014536954665062717 0.004554061269765671 0.008524570807127587 0.019780962952153168 0.043256188964976246
816 7344 7.786769381787112 0.00034496896855147776 1.2112311807374404e-08 1.2112311807374404e-08 6.0838476035080996e-06 1.760588309922358e-05 9.50107389126885e-05 0.00021532225591624913 0.00034496896855147776
24 216 0.345352395681559 1.46924921993869 0.2306938863271921 0.2306938863271921 0.5567344382039889 0.7510716907885554 0.9391784718513846 1.1478861169993586 1.46924921993869
6 54 0.28126555971161366 1.3270218679242793 0.7057087564467213 0.7057087564467213 0.87293076725616 0.9060777452388168 0.9483479982946478 1.0124774420509461 1.3270218679242793
275 2475 0.15083852911844636 0.2808459548854037 0.00017796767039880842 0.00017796767039880842 0.008301973995156298 0.036118407461653894 0.05749222736130879 0.15275840075279817 0.2808459548854037
1146 10314 246.42945758944563 9.501695220725328e-07 1.751930959767513e-11 1.751930959767513e-11 8.537983013238347e-08 1.5564313037515815e-07 3.769115835707849e-07 7.032950779524664e-07 9.501695220725328e-07
465 4185 0.25626681986375643 0.010466226290344806 2.4339508941052793e-06 2.4339508941052793e-06 0.0012224582542622326 0.0030431135199277684 0.0046719890632140664 0.006024934614885672 0.010466226290344806
727 6543 9.113888234951487 0.00035570486772558814 1.854387736654686e-07 1.854387736654686e-07 2.4128143728889477e-05 4.7295546685777567e-05 0.00016610118394847127 0.00021163332423492265 0.00035570486772558814
780 7020 2.861831465550031 0.0001745171026417797 7.054348744241554e-09 7.054348744241554e-09 1.3726160108561053e-05 6.061124085504771e-05 9.107049207027207e-05 0.00017055444619522132 0.0001745171026417797
354 3186 9.065941515806759e-05 1.0939143363310249 0.8634948631775144 0.8634948631775144 0.9281021702987227 0.9404613589621377 0.9648103265246067 0.9896542493660365 1.0939143363310249
775 6975 0.3451194771974109 0.0001466526682747421 1.6865880409050787e-09 1.6865880409050787e-09 2.5517277101311287e-05 3.707233685278671e-05 7.338078977777864e-05 0.00010536911678534721 0.0001466526682747421
555 4995 0.39303538345578987 0.003657755513703332 1.1380921021766103e-06 1.1380921021766103e-06 0.0001807095135317756 0.0008395608440996903 0.0011509120255598223 0.0024448124121145454 0.003657755513703332
1674 15066 6163324.752247188 5.554293255162579e-10 6.045054273052404e-13 6.045054273052404e-13 7.818181822753139e-11 1.5843747498360132e-10 2.8583147229794783e-10 4.5116556933503433e-10 5.554293255162579e-10
280 2520 0.002730956234398256 0.13107170490233594 1.4625225424045891e-05 1.4625225424045891e-05 0.014943759654373287 0.03702737729880495 0.06972198870701785 0.09453744364854773 0.13107170490233594
27 243 0.08137996363767239 1.0570735576740324 0.3809969803690537 0.3809969803690537 0.45848181308090563 0.5549188249749829 0.6769441759254168 0.943330079047139 1.0570735576740324
1158 10422 86.27951370822913 1.45353117659157 0.1925333396656714 0.1925333396656714 0.46596256805567104 0.5699189982287596 0.7953898602037859 1.147387191961929 1.45353117659157
902 8118 104.72306756795454 5.7476001507860456e-05 1.1765747544362309e-07 1.1765747544362309e-07 7.11104833673094e-06 2.033055209177949e-05 4.696118468429988e-05 5.0547614787299407e-05 5.7476001507860456e-05
100 900 0.15001636933678195 1.6221598735532388 0.017015711501739795 0.017015711501739795 0.1393187993274131 0.3085430945679292 0.41055777822609174 0.7078271322905242 1.6221598735532388
114 1026 0.2679253029364907 0.9072085984988185 0.01851718974047076 0.01851718974047076 0.07717411083936056 0.32503422196261833 0.3997550258887278 0.653110361352149 0.9072085984988185
147 1323 0.00021490347841395484 0.19728881699448136 0.01324655416173592 0.01324655416173592 0.036598473646028265 0.05886977058345331 0.09278380357329727 0.11762505108140764 0.19728881699448136
1826 16434 941039.8111694622 4.3057115814194316e-10 3.85676496442778e-15 3.85676496442778e-15 2.7614403251444043e-11 3.334666829690105e-11 7.373459025976272e-11 2.347891759420269e-10 4.3057115814194316e-10
154 1386 0.017429837163627296 0.6024289845312474 0.0006972120498613107 0.0006972120498613107 0.0810156488732649 0.16633683774216532 0.45779576536147065 0.5012891242760806 0.6024289845312474
7 63 0.26439741594646715 1.3101913596247898 0.751960594028513 0.751960594028513 0.8291311420405448 0.8852194645037232 0.9007216358900035 1.0181544224645787 1.3101913596247898
571 5139 0.6716625596840309 0.010621300384991653 2.143087437758196e-07 2.143087437758196e-07 0.00020760434866167805 0.0005687636429904491 0.001307676640175705 0.0037683469557884554 0.010621300384991653
459 4131 0.3467097158882773 0.04332916914709955 1.9489877212823426e-05 1.9489877212823426e-05 0.00013903315375681825 0.00453317969518976 0.00818226231150273 0.020106362021058262 0.04332916914709955
817 7353 9.307552673027995 0.0003485776939068682 1.2345593207408464e-08 1.2345593207408464e-08 6.115713366705299e-06 1.6858280680436406e-05 9.244876281468321e-05 0.00021632675317605725 0.0003485776939068682
25 225 0.32865312526259616 1.419414162919955 0.2154273651664982 0.2154273651664982 0.5388910669297239 0.7299177273795202 0.968107528281409 1.0996729903789286 1.419414162919955
281 2529 0.0023868911970782013 0.12799799392977887 1.3600799961181192e-05 1.3600799961181192e-05 0.015354388859832122 0.037311431924150235 0.06679903756969471 0.09065057313551307 0.12799799392977887
1147 10323 203.28384468875984 9.5469454147798e-07 1.6996894122044596e-11 1.6996894122044596e-11 8.36214271721383e-08 1.4784352823554895e-07 3.8216054894484297e-07 6.767928150923191e-07 9.5469454147798e-07
781 7029 2.973261023897012 0.00018205845848666703 6.6477444223135624e-09 6.6477444223135624e-09 1.4114573535332773e-05 5.763525038156986e-05 9.01837523905275e-05 0.0001615173077655119 0.00018205845848666703
1675 15075 5780826.98324471 5.682964445972999e-10 5.481386294828509e-13 5.481386294828509e-13 7.573254958195957e-11 1.478552722687548e-10 2.847197610025253e-10 4.604216979992176e-10 5.682964445972999e-10
276 2484 0.14233541870530036 0.2777595824885297 0.00017389231358197002 0.00017389231358197002 0.00786526571253513 0.03731539972293574 0.05533494652134055 0.14673471450128728 0.2777595824885297
466 4194 0.2458051361551243 0.010726247330991942 2.341491641758468e-06 2.341491641758468e-06 0.0012281437377176677 0.002942391776564441 0.004524734272980819 0.0056920328869548426 0.010726247330991942
355 3195 9.993399096429057e-05 1.0884971481906724 0.7874602769014056 0.7874602769014056 0.8807055930792524 0.9180338934184079 0.963773270075579 1.0226688887938802 1.0884971481906724
728 6552 8.65992945072211 0.000348656877428687 1.7768817226626934e-07 1.7768817226626934e-07 2.3440693588192023e-05 4.522510387988275e-05 0.0001590127319816618 0.00021115607091814876 0.000348656877428687
556 5004 0.36150453254902876 0.0035803588316025117 1.163157719183659e-06 1.163157719183659e-06 0.0001674625561031251 0.0008145166109101658 0.001147186421603049 0.0024288871064113877 0.0035803588316025117
28 252 0.0872118631177083 1.0964426455635503 0.36004848791195104 0.36004848791195104 0.4609454044258595 0.5203160733365126 0.7328723240272398 0.9504022435223204 1.0964426455635503
776 6984 0.34857928456640974 0.00014516125196700674 1.622798818750583e-09 1.622798818750583e-09 2.6567738496982572e-05 3.721958832176966e-05 6.966727475880317e-05 0.00010520196375575069 0.00014516125196700674
903 8127 91.12809761123977 5.741191624470768e-05 1.076498012341168e-07 1.076498012341168e-07 7.023529286293437e-06 2.0381593704988282e-05 4.561088607475622e-05 4.815938469221999e-05 5.741191624470768e-05
101 909 0.17342615509675635 1.686517741954881 0.01610083493830524 0.01610083493830524 0.13398397547265392 0.33098532287113913 0.40137979961199716 0.6980837849826247 1.686517741954881
460 4140 0.3545267002780992 0.04350795123641297 1.839199675654742e-05 1.839199675654742e-05 0.00013179993007538887 0.004446505074483992 0.007730585090438838 0.020473586631508348 0.04350795123641297
1159 10431 89.13350651044733 1.4837453512085128 0.18553970338916853 0.18553970338916853 0.42685761888940243 0.5339131446459514 0.7951253106526972 1.1433729099405783 1.4837453512085128
1827 16443 884560.1437046928 4.281648758201138e-10 3.77828487923341e-15 3.77828487923341e-15 2.4514911847713496e-11 3.37047978353217e-11 7.422406382638836e-11 2.381418548884035e-10 4.281648758201138e-10
818 7362 9.78433887075078 0.0003771550361410905 1.1512490232514001e-08 1.1512490232514001e-08 5.997891379408255e-06 1.746869847033543e-05 9.63301294893589e-05 0.00021051720134107724 0.0003771550361410905
155 1395 0.017475448565718463 0.5956889241810959 0.000703576954151089 0.000703576954151089 0.07668488048893113 0.1628505865630915 0.4656259074515562 0.5004694591886459 0.5956889241810959
1676 15084 5581781.592587844 5.416695040033784e-10 5.453870565316928e-13 5.453870565316928e-13 7.477590708513531e-11 1.427771050211389e-10 2.8051164944147933e-10 4.554068329916731e-10 5.416695040033784e-10
115 1035 0.26906667378995786 0.8746279321833349 0.017778068640879024 0.017778068640879024 0.07142133275815139 0.3247678486845779 0.3968048182739219 0.6506112130381113 0.8746279321833349
8 72 0.2623360561416711 1.294316427251255 0.7387766323923745 0.7387766323923745 0.8070060228297157 0.8685004596418092 0.9125358293514422 1.0132735648197893 1.294316427251255
148 1332 0.00021622599351990706 0.19434743471825466 0.012965459846117335 0.012965459846117335 0.037709281881223675 0.057544325567857026 0.0940477643273823 0.11184380023231605 0.19434743471825466
26 234 0.32467353398623416 1.380030159017732 0.20743718387323595 0.20743718387323595 0.5151043183279895 0.7387613587457251 0.957791808334905 1.130034849816832 1.380030159017732
572 5148 0.7212928750926708 0.01053037350953922 2.0726871649789722e-07 2.0726871649789722e-07 0.00019814949233435826 0.0005547546785502059 0.0012626948039460377 0.003749012218441198 0.01053037350953922
282 2538 0.002205444546122952 0.12296285632409047 1.2999773036635642e-05 1.2999773036635642e-05 0.015351572610744478 0.03487066473278988 0.06602815225553868 0.09031941413523972 0.12296285632409047
782 7038 3.0815542800959315 0.00019560552460932696 6.253711293498386e-09 6.253711293498386e-09 1.3906979698146204e-05 5.658328200752199e-05 8.91891058598563e-05 0.0001614486084772862 0.00019560552460932696
557 5013 0.31165309661890833 0.0034276903640084603 1.1684017370843426e-06 1.1684017370843426e-06 0.0001602277138482019 0.000749261083044372 0.0011150081296667227 0.0024346071013842097 0.0034276903640084603
29 261 0.0964960582030901 1.070705212848613 0.3633448453562359 0.3633448453562359 0.4344586671313104 0.5311823783417012 0.7220117135835119 1.0098517106634255 1.070705212848613
1148 10332 191.62691832638296 9.467547962155329e-07 1.617826219808185e-11 1.617826219808185e-11 8.157025224760889e-08 1.4556106243536898e-07 3.619424496011694e-07 6.256392427725351e-07 9.467547962155329e-07
277 2493 0.13405099847603427 0.2765392732617128 0.0001734853006407542 0.0001734853006407542 0.0074360779175432585 0.03659646790775287 0.05298304978188975 0.14320342399759475 0.2765392732617128
467 4203 0.2558032425819124 0.010789237539574554 2.355921219763027e-06 2.355921219763027e-06 0.001176589170293693 0.0029031608534311015 0.004564522335842786 0.00519472287630591 0.010789237539574554
904 8136 81.81635610412464 5.46621910053308e-05 1.0190203376973883e-07 1.0190203376973883e-07 6.574958176441466e-06 1.9746756827259764e-05 4.617699265545442e-05 4.862482521629286e-05 5.46621910053308e-05
102 918 0.18668122218699323 1.6453499638861335 0.015611360595190424 0.015611360595190424 0.1297157420790956 0.3621589594653075 0.40940755173202203 0.7005037272491424 1.6453499638861335
116 1044 0.26203911639720184 0.9135119438228467 0.01705469586554751 0.01705469586554751 0.07111768066290151 0.34082060374538536 0.40842771683891593 0.5863076122292913 0.9135119438228467
729 6561 8.550654558327297 0.0003582559933187955 1.6906354977842292e-07 1.6906354977842292e-07 2.3157645332125457e-05 4.4651019796026766e-05 0.00014762851745544312 0.0002140641019400041 0.0003582559933187955
1677 15093 5425685.179304693 5.607789376728249e-10 5.20955116887449e-13 5.20955116887449e-13 7.342298265490994e-11 1.382468706610802e-10 2.735633615739189e-10 4.615469656538287e-10 5.607789376728249e-10
156 1404 0.016406694740490214 0.5781316933720165 0.000693804640786418 0.000693804640786418 0.07797493319223064 0.16791813790847648 0.4423211012892338 0.47540896514436354 0.5781316933720165
777 6993 0.3507676275690179 0.00014652542039334118 1.5610989788705818e-09 1.5610989788705818e-09 2.559861754072134e-05 3.769504237742304e-05 7.007969519995487e-05 0.00010772406850834544 0.00014652542039334118
9 81 0.2588982094172603 1.3141624954172935 0.628419343545473 0.628419343545473 0.7940970271486426 0.8815579910476521 0.9481197452649168 1.052349935697192 1.3141624954172935
149 1341 0.0001902817002941359 0.18017606824132318 0.013546252490693363 0.013546252490693363 0.03675425784593645 0.05753097987797211 0.09139422527830589 0.11320433426272963 0.18017606824132318
27 243 0.28578223115085477 1.3890045054802964 0.1916514400360819 0.1916514400360819 0.5060776873348442 0.7005366107561768 1.0021493660257736 1.1476168164953167 1.3890045054802964
1828 16452 768346.8185022513 4.2365646920222323e-10 3.5516887048174463e-15 3.5516887048174463e-15 2.3604142376439025e-11 3.500622166973615e-11 7.017465311537711e-11 2.473684562021194e-10 4.2365646920222323e-10
819 7371 10.020520721005221 0.0003782807402198404 1.0647314286878515e-08 1.0647314286878515e-08 6.222820250369489e-06 1.6922300099178494e-05 9.406300378242458e-05 0.00020282825438811653 0.0003782807402198404
461 4149 0.40316511589642884 0.0451437528173834 1.7578335372128082e-05 1.7578335372128082e-05 0.00012380310799829923 0.004529610621485575 0.00761265568537768 0.02097937990726218 0.0451437528173834
573 5157 0.6324011717471552 0.010981735186329087 2.1886608858556152e-07 2.1886608858556152e-07 0.00017719914145993048 0.0005523085881276653 0.0012686975020701752 0.003834968551165617 0.010981735186329087
1160 10440 86.78761808916349 1.4931791838179098 0.17129786261076482 0.17129786261076482 0.4429364925709121 0.5566888983958328 0.7330972226560697 1.1339006407337247 1.4931791838179098
283 2547 0.002464324807293936 0.12304770641588694 1.1453998442772148e-05 1.1453998442772148e-05 0.01588027506369421 0.03519737835851941 0.06641969793026177 0.0885567025478139 0.12304770641588694
783 7047 3.0647078528038905 0.00019567462797039073 5.724507407749495e-09 5.724507407749495e-09 1.3835831523057694e-05 5.7097025422061665e-05 9.051360570034855e-05 0.00016030586871950003 0.00019567462797039073
30 270 0.09848204859997642 1.1684153219437483 0.3386921148780802 0.3386921148780802 0.4119200474320869 0.5382283515025955 0.7201621556578971 1.0352239515284138 1.1684153219437483
278 2502 0.1367920670047868 0.26635314194833715 0.00018616642424387045 0.00018616642424387045 0.006725902865777972 0.03548366825408274 0.054150969260975984 0.13955585106118806 0.26635314194833715
558 5022 0.26309628675876806 0.0033851402327104876 1.096842732085389e-06 1.096842732085389e-06 0.00014834278465950833 0.0007462991154954643 0.0011164939833914773 0.002344138195698881 0.0033851402327104876
103 927 0.18346058401656953 1.629042994469437 0.014911682821008444 0.014911682821008444 0.13772520505001204 0.3467580410276518 0.4215691879905603 0.69066637918613 1.629042994469437
1678 15102 5212806.837770743 5.831936320278732e-10 5.008124596996441e-13 5.008124596996441e-13 7.508366182479204e-11 1.3325859501165853e-10 2.5135093043336977e-10 4.575810205271832e-10 5.831936320278732e-10
905 8145 79.10070672531585 5.131424056366173e-05 9.980767152212583e-08 9.980767152212583e-08 6.622229586996396e-06 1.976163512849474e-05 4.4032049431774444e-05 4.9153534523044955e-05 5.131424056366173e-05
468 4212 0.31992048203214624 0.01053174108884309 2.402563558811398e-06 2.402563558811398e-06 0.0011565974484292324 0.0028668520733540165 0.004435249324628691 0.005216756403106879 0.01053174108884309
1149 10341 193.07340212926871 9.59977543962076e-07 1.4068241879617187e-11 1.4068241879617187e-11 8.178699829096055e-08 1.4804425534918033e-07 3.6252138121370654e-07 6.146215670662883e-07 9.59977543962076e-07
117 1053 0.29286063435195403 0.85161317597389 0.016474463453814054 0.016474463453814054 0.07133102070408945 0.34185358479754013 0.40485390063591487 0.568890716439114 0.85161317597389
730 6570 8.110081444324411 0.0003614775053978346 1.5697692979790334e-07 1.5697692979790334e-07 2.3592775379485608e-05 4.6479941120456095e-05 0.00015053615875689524 0.00020253649176068067 0.0003614775053978346
10 90 0.2645995798103212 1.327982539396675 0.6135976993622727 0.6135976993622727 0.7593565033503081 0.8746631427764364 0.9293561895924002 1.0612790543828305 1.327982539396675
28 252 0.2717384461500389 1.35739002209796 0.1834972330414756 0.1834972330414756 0.5053462675982097 0.6572736125510654 0.9877462398650354 1.161026343179243 1.35739002209796
1829 16461 706224.2894336022 4.116240298062615e-10 3.33403876065935e-15 3.33403876065935e-15 2.3214435532782158e-11 3.448920874087139e-11 7.003140188253028e-11 2.36560122637505e-10 4.116240298062615e-10
157 1413 0.01576530424082794 0.5939490704629729 0.0006638666549382595 0.0006638666549382595 0.07586473792169413 0.16798012108102994 0.43028068553987 0.4676700753675353 0.5939490704629729
820 7380 13.254401695359018 0.00035560443292217297 1.0818259773787192e-08 1.0818259773787192e-08 6.068496217092694e-06 1.7398059809654203e-05 9.13095958425536e-05 0.00020478659024439973 0.00035560443292217297
150 1350 0.00016987569867687977 0.16610384390521887 0.013543722569503602 0.013543722569503602 0.03618534444833479 0.057050613197255684 0.08927295223216894 0.11053825179342992 0.16610384390521887
284 2556 0.0025731809597438282 0.13593349086683287 1.105660124734455e-05 1.105660124734455e-05 0.017464820523040967 0.03438733887456251 0.06607090292500604 0.08561846945896448 0.13593349086683287
462 4158 0.4681895834609045 0.047379963153535536 1.7896972503382622e-05 1.7896972503382622e-05 0.00012779526030103986 0.00425651917297268 0.007542021945813673 0.020640050944760624 0.047379963153535536
574 5166 0.5871177393428548 0.011066633477616687 2.163737945388065e-07 2.163737945388065e-07 0.0001710686671797776 0.0005421991072336779 0.0012483440370606915 0.0036392436830391477 0.011066633477616687
778 7002 0.3693946281469049 0.0001427930837938023 1.4843187806214644e-09 1.4843187806214644e-09 2.6215282267637695e-05 3.921272751021407e-05 6.824522759427613e-05 0.00010535435561665579 0.0001427930837938023
1161 10449 90.91522907028123 1.4882329620800645 0.1675757390865767 0.1675757390865767 0.4289543302255863 0.559254489296754 0.7552764691834862 1.1052969740714407 1.4882329620800645
31 279 0.10621795379470392 1.1529564521167301 0.3346916452322998 0.3346916452322998 0.3922301373758555 0.5293837732399851 0.7747518357899779 1.0176348574066376 1.1529564521167301
559 5031 0.22320335554788365 0.003201103221972872 1.0639698364616977e-06 1.0639698364616977e-06 0.0001398160885449048 0.0007399818730711456 0.0010994932032011543 0.002267454209432632 0.003201103221972872
279 2511 0.1350140856527204 0.2609674191010529 0.0001921042238378043 0.0001921042238378043 0.006396590419953239 0.035253319998819074 0.05670977479511955 0.12822595020465383 0.2609674191010529
469 4221 0.40523069378023463 0.01038007090059268 2.4303399568494164e-06 2.4303399568494164e-06 0.0011533072763472744 0.002839550780404689 0.004401439693684721 0.005276425216237271 0.01038007090059268
906 8154 78.81472651742627 5.457355498880218e-05 1.0024582408027024e-07 1.0024582408027024e-07 6.468922563558607e-06 1.7999058559788568e-05 4.286011254194714e-05 4.964915523837912e-05 5.457355498880218e-05
11 99 0.2675230374455915 1.3055190538567023 0.6399479503701093 0.6399479503701093 0.7395641692456578 0.8728480384499069 0.9214932924779569 1.0085160659359917 1.3055190538567023
784 7056 2.9008436987105 0.00019526611969819548 5.478775908409835e-09 5.478775908409835e-09 1.3923162521916927e-05 5.433693662064168e-05 9.486503806365571e-05 0.00015601345088491473 0.00019526611969819548
104 936 0.17720747221842442 1.460039969056161 0.014190878075453864 0.014190878075453864 0.140338982013593 0.3746424296816058 0.42761806993208906 0.6767864621143257 1.460039969056161
1830 16470 613446.5108337026 4.0575329849556716e-10 3.3061393080891156e-15 3.3061393080891156e-15 2.0912323833367228e-11 3.393036131999198e-11 6.925141193960504e-11 2.4071535582439106e-10 4.0575329849556716e-10
1679 15111 4988022.293331086 6.135949337192199e-10 4.59119482258536e-13 4.59119482258536e-13 7.625146383909684e-11 1.3295404685274278e-10 2.46143031732577e-10 4.344488926891819e-10 6.135949337192199e-10
731 6579 8.15464592390434 0.00033282326599743154 1.5421859847261877e-07 1.5421859847261877e-07 2.3749455024434523e-05 4.693396054980309e-05 0.00015548173169420908 0.0001911142607068977 0.00033282326599743154
821 7389 15.16839898449465 0.00034841579687183184 1.0427591460361922e-08 1.0427591460361922e-08 6.697308545595548e-06 1.9030968867503925e-05 8.860929768588501e-05 0.00020504301505432454 0.00034841579687183184
29 261 0.2927105408508487 1.3136636928222585 0.18335735738757009 0.18335735738757009 0.48616554630344166 0.6689285598195769 0.9250537264659713 1.165159654710082 1.3136636928222585
118 1062 0.3003047232268422 0.905975552025232 0.016787426811355855 0.016787426811355855 0.06935617215548442 0.32079492517792807 0.40336988426102244 0.5698133192904183 0.905975552025232
1150 10350 194.625643363823 1.0284131321720182e-06 1.3300243740202498e-11 1.3300243740202498e-11 7.809058599602077e-08 1.412592532416945e-07 3.7291571051546665e-07 6.118405109976987e-07 1.0284131321720182e-06
158 1422 0.01406928110456939 0.6127705412115002 0.0006485646212922326 0.0006485646212922326 0.07201886012834742 0.16577041432227416 0.4069713899176954 0.4590820111614999 0.6127705412115002
285 2565 0.0023967641064483168 0.14012344584677197 1.0874158367958825e-05 1.0874158367958825e-05 0.016739015649903405 0.032963766190969156 0.06361402765681595 0.09050114568756468 0.14012344584677197
151 1359 0.00016463209934438087 0.1586028938045306 0.012412810867590012 0.012412810867590012 0.03668362250109943 0.057068719179398264 0.09004764148626192 0.1068180182823986 0.1586028938045306
575 5175 0.6007797154047663 0.010877448780975265 2.1244079937460122e-07 2.1244079937460122e-07 0.00016020976834758033 0.0005429787495587278 0.0012645181305845272 0.0035604358393156546 0.010877448780975265
463 4167 0.49522357008339757 0.0467985118153987 1.9564017601359492e-05 1.9564017601359492e-05 0.00012463113641262465 0.004069008818230361 0.007399617470521717 0.020398237138681077 0.0467985118153987
1162 10458 87.13475961695946 1.4855951753287748 0.15565534012918922 0.15565534012918922 0.4415348949403489 0.5630015597495562 0.7057886763696979 1.15235388731341 1.4855951753287748
32 288 0.09984002109471654 1.0728541396759956 0.326432296992293 0.326432296992293 0.39061744412195415 0.5678304604757393 0.7689527252416483 1.0099692078712916 1.0728541396759956
779 7011 0.3714855189351845 0.0001420772488612197 1.4820378015078902e-09 1.4820378015078902e-09 2.574690868871702e-05 3.60729266448946e-05 7.174721737228127e-05 0.00011037099332027494 0.0001420772488612197
560 5040 0.24094410417277484 0.0029711736255508075 1.0420850821369045e-06 1.0420850821369045e-06 0.0001342037942303299 0.000690683256948724 0.0011167128473729396 0.002244843241558361 0.0029711736255508075
280 2520 0.11423999645342706 0.26388177685996267 0.00019743614934291507 0.00019743614934291507 0.006220303333037539 0.03353212810659195 0.05533132572285077 0.12711442599360864 0.26388177685996267
12 108 0.22477342009659654 1.2750637821883584 0.592284097997924 0.592284097997924 0.7350603431485266 0.8634304561428461 0.9402009081899914 1.0830279612080607 1.2750637821883584
105 945 0.15683020602412318 1.4478344778254437 0.013916577831695667 0.013916577831695667 0.1358269912136874 0.35183764062370937 0.4340798085711205 0.6732392183475318 1.4478344778254437
470 4230 0.4426695331015362 0.00990507440961213 2.3156198847867797e-06 2.3156198847867797e-06 0.001111165698205711 0.0029193714342615838 0.004431392294462363 0.005523330866480929 0.00990507440961213
907 8163 78.4164980795097 5.621309223993435e-05 9.875944340047234e-08 9.875944340047234e-08 6.143120949208651e-06 1.7532897726290597e-05 4.193892491051841e-05 5.071037294880489e-05 5.621309223993435e-05
30 270 0.31884639721297736 1.4950972826892257 0.18208020029233943 0.18208020029233943 0.4559936570250143 0.64587991312441 0.9278178104948717 1.1579535945796144 1.4950972826892257
1831 16479 551811.3762524285 3.970640981536675e-10 3.218373059436845e-15 3.218373059436845e-15 2.0355197808022377e-11 3.277371042297313e-11 6.873414133202763e-11 2.393596899133854e-10 3.970640981536675e-10
1680 15120 4763417.709704069 5.695489234601269e-10 4.466900150313283e-13 4.466900150313283e-13 7.570688408930632e-11 1.3178418153473914e-10 2.406975915508154e-10 4.3564467168975533e-10 5.695489234601269e-10
732 6588 8.626240063160566 0.0003044698665927478 1.4488813000800114e-07 1.4488813000800114e-07 2.542349080367272e-05 4.724224518350082e-05 0.0001522825023758949 0.0001959990421597364 0.0003044698665927478
822 7398 14.873874999540712 0.0003490533049376475 1.0241523782803893e-08 1.0241523782803893e-08 6.4985067974006674e-06 1.935211334655248e-05 9.015390403349455e-05 0.00019819549299748197 0.0003490533049376475
785 7065 3.278045463873854 0.00018167200627358863 5.41482013371782e-09 5.41482013371782e-09 1.3988571587833624e-05 5.550568623628548e-05 9.387040687506262e-05 0.00015482250851356789 0.00018167200627358863
1151 10359 182.69492532375153 1.0183736788437605e-06 1.3280211859827198e-11 1.3280211859827198e-11 7.354992988834997e-08 1.3687587474426951e-07 3.901695411529254e-07 6.064969947421366e-07 1.0183736788437605e-06
286 2574 0.0022227807213388976 0.13692195165142573 1.0097644180633866e-05 1.0097644180633866e-05 0.01615524688278618 0.03280415451970977 0.062034220950115314 0.09169395882501641 0.13692195165142573
159 1431 0.013611309471258427 0.6054322327865902 0.0005944069787351678 0.0005944069787351678 0.07012844513975004 0.16368990557467258 0.4084595976713982 0.44108637909527443 0.6054322327865902
119 1071 0.31894639091427424 0.9260292118211725 0.016371796992813728 0.016371796992813728 0.06910051405515065 0.3135497483825131 0.4013357218765387 0.5502166100622612 0.9260292118211725
561 5049 0.250296226924924 0.0029340775623235274 1.1181604405544773e-06 1.1181604405544773e-06 0.0001422146019097487 0.0006610164789083049 0.0010924666533899863 0.0021422918433518295 0.0029340775623235274
152 1368 0.00014577089168171852 0.15622056525208486 0.012054899232422766 0.012054899232422766 0.03775944917584295 0.05512324959151686 0.08329290119036283 0.10856015190139794 0.15622056525208486
464 4176 0.4826740806493582 0.045795058603753325 2.0330079131115116e-05 2.0330079131115116e-05 0.00012619149928500795 0.004016484820335828 0.007129717508767919 0.0192614193537856 0.045795058603753325
1163 10467 82.84344385127702 1.4481884749934375 0.15414085665751917 0.15414085665751917 0.42513468846335667 0.5554988431133697 0.6906378151230969 1.1283226818554193 1.4481884749934375
576 5184 0.5456440869111243 0.011186024178897877 2.0323451665362652e-07 2.0323451665362652e-07 0.0001589144813781581 0.000542770515848061 0.0012185962209285558 0.0036136382897813896 0.011186024178897877
33 297 0.09419961545333234 1.0749420376413639 0.2854406417027797 0.2854406417027797 0.36891493321196017 0.5941697091581526 0.7819161868439469 1.0602370582841527 1.0749420376413639
780 7020 0.36996167213958303 0.0001339970268426039 1.4724033354441286e-09 1.4724033354441286e-09 2.3876308700895646e-05 3.57424948315394e-05 7.402413575560398e-05 0.00011140371069239548 0.0001339970268426039
13 117 0.20801154139779776 1.215696663792803 0.5743207885660238 0.5743207885660238 0.7155563193773364 0.8158736179583461 0.9158241962801099 1.084550693639467 1.215696663792803
106 954 0.16236322653430835 1.4334412494838034 0.014071634076333151 0.014071634076333151 0.1355335109252336 0.33947790892404733 0.44116836350415145 0.5972254316741035 1.4334412494838034
31 279 0.3561706892242668 1.6300511941091693 0.17425704648576937 0.17425704648576937 0.44345403729570415 0.6488198046581894 0.9131221254123061 1.1084692497293607 1.6300511941091693
908 8172 70.4092486892277 5.8390546282249954e-05 9.892953649295753e-08 9.892953649295753e-08 6.046163777548454e-06 1.7545029019495248e-05 3.8475470293312784e-05 4.87924330256194e-05 5.8390546282249954e-05
281 2529 0.10491515841249603 0.25738011041423786 0.0001971874221015989 0.0001971874221015989 0.006065752299626827 0.03312579797953917 0.05378054476461144 0.12234363761771436 0.25738011041423786
1832 16488 566735.5229441886 3.940319597006216e-10 3.0549192890190618e-15 3.0549192890190618e-15 1.982747402564338e-11 3.228443690996731e-11 6.834888556693501e-11 2.3492292276819645e-10 3.940319597006216e-10
1681 15129 4416983.9680047175 5.625389940473544e-10 4.1598567974677237e-13 4.1598567974677237e-13 7.712220222992187e-11 1.2763565751729164e-10 2.390804441156506e-10 4.199462663685931e-10 5.625389940473544e-10
733 6597 8.410708081434782 0.00031566264537654634 1.4730949190885578e-07 1.4730949190885578e-07 2.370738391614246e-05 4.7625759895995126e-05 0.0001492151925012521 0.00019229712426677527 0.00031566264537654634
823 7407 16.37546115952947 0.00034546912210244566 1.0320977037709918e-08 1.0320977037709918e-08 6.366778935577062e-06 1.82727215052488e-05 8.937376346961493e-05 0.00019751009470357704 0.00034546912210244566
471 4239 0.4599858339506964 0.00922959269012551 2.331200439504651e-06 2.331200439504651e-06 0.0011019364274072626 0.0027816493373565548 0.004535684733736207 0.005493923995491694 0.00922959269012551
287 2583 0.0021681359704945045 0.1372754514845241 9.161412520582075e-06 9.161412520582075e-06 0.015895573340324494 0.03147099992244095 0.06071461235285209 0.09858370944462862 0.1372754514845241
1152 10368 175.04479113427993 9.618466231272547e-07 1.3527093733156184e-11 1.3527093733156184e-11 7.594522227634343e-08 1.3303326539068702e-07 3.8915756705878905e-07 5.854167523401332e-07 9.618466231272547e-07
160 1440 0.013186391444024361 0.588839441641488 0.0005259989489275676 0.0005259989489275676 0.06943966996434064 0.16288659629397548 0.4323792017627693 0.458851394187825 0.588839441641488
786 7074 3.7400325715126073 0.00018649660922509924 4.960132573446846e-09 4.960132573446846e-09 1.4561719076148726e-05 5.494173942365916e-05 9.461345608834958e-05 0.00015764061098466292 0.00018649660922509924
562 5058 0.29713814584093423 0.002916426781785639 1.1656650515753925e-06 1.1656650515753925e-06 0.00012784136360175223 0.0006585039538220996 0.0010897220882102243 0.0021678951086048837 0.002916426781785639
465 4185 0.4240852354172636 0.044405631665298505 1.848340647843674e-05 1.848340647843674e-05 0.0001307036947908657 0.004192807145740415 0.007066358260863202 0.01852024768653948 0.044405631665298505
120 1080 0.3267305998619567 0.9413144553482188 0.015927987039030235 0.015927987039030235 0.07809829707980284 0.3056433506269623 0.37878628859587027 0.5175280295088494 0.9413144553482188
153 1377 0.00013029404737997295 0.149530052959772 0.01174878376473872 0.01174878376473872 0.03661638888348928 0.05496960741898959 0.0792642208685453 0.10596948961077585 0.149530052959772
34 306 0.08466082685100802 1.0968090143270197 0.27984717699031075 0.27984717699031075 0.36343280064976574 0.594105319572643 0.7554540452304611 1.0737780570075717 1.0968090143270197
32 288 0.3560218263736999 1.7897663200490475 0.16563843468696118 0.16563843468696118 0.4278501790005858 0.6267714180398876 0.9162979389811696 1.1309306168277575 1.7897663200490475
107 963 0.14344502442237828 1.3851538241442243 0.013836514989975434 0.013836514989975434 0.1428753174816306 0.3300105228745605 0.43261410612264267 0.6117472321756775 1.3851538241442243
14 126 0.17561142811353922 1.2075311277851355 0.5348424911543014 0.5348424911543014 0.6813943164860049 0.8183656625181013 0.9141920692566372 1.0745216957768868 1.2075311277851355
1164 10476 84.76050072864133 1.5388017633522177 0.14619768221301635 0.14619768221301635 0.4238767943474605 0.5466163269536668 0.6797572832786618 1.0668291662554599 1.5388017633522177
909 8181 74.07207937199895 5.6201664596448986e-05 9.792737064065975e-08 9.792737064065975e-08 5.825377625525042e-06 1.7230513567641202e-05 3.887736953083586e-05 4.653367545437661e-05 5.6201664596448986e-05
282 2538 0.08882168019968802 0.2530883465483648 0.00018558859250053053 0.00018558859250053053 0.005899982262990349 0.03393495091638583 0.054719989194373334 0.11582166699323321 0.2530883465483648
1682 15138 4699827.918223561 5.806530329390457e-10 4.053007738288567e-13 4.053007738288567e-13 7.482923919235537e-11 1.219995357891595e-10 2.33157051037741e-10 4.129128879880563e-10 5.806530329390457e-10
781 7029 0.3761337073995687 0.00013010570444938626 1.4035122131876813e-09 1.4035122131876813e-09 2.5170566560877736e-05 3.6217791287859844e-05 7.45566109033062e-05 0.00010684881930299157 0.00013010570444938626
577 5193 0.653859675415439 0.011133681707912662 1.9337602513561332e-07 1.9337602513561332e-07 0.00015742517049705855 0.0005185449470638445 0.0012265718786898065 0.00357350517046013 0.011133681707912662
1833 16497 572390.3272981078 3.888401591365184e-10 2.925106911981949e-15 2.925106911981949e-15 1.935289252214135e-11 3.137701995658173e-11 7.302759404942576e-11 2.329572691010944e-10 3.888401591365184e-10
734 6606 8.22128767805051 0.00032188005195255855 1.450071167121483e-07 1.450071167121483e-07 2.361591943352797e-05 4.9797890790712696e-05 0.00014836569173720196 0.00017981001830610736 0.00032188005195255855
563 5067 0.3524555409686442 0.002995824365980099 1.1423873862865985e-06 1.1423873862865985e-06 0.00011963009166841856 0.0007529742141136219 0.0011871613797948433 0.002054201699320487 0.002995824365980099
288 2592 0.0025637644639145757 0.13033523131155195 9.012691008406636e-06 9.012691008406636e-06 0.016044730476941497 0.030729628086144583 0.05948487308381023 0.10100943447728694 0.13033523131155195
1153 10377 159.7818870981882 9.522226464722326e-07 1.2866143115102791e-11 1.2866143115102791e-11 7.375032462488553e-08 1.300370302639071e-07 3.877823469678331e-07 5.914585493982342e-07 9.522226464722326e-07
472 4248 0.46765797572563095 0.009012755391675394 2.320788462400434e-06 2.320788462400434e-06 0.0010777329176847956 0.002788319810686926 0.004377067965200604 0.005128348662306839 0.009012755391675394
824 7416 14.46062990910585 0.0003218195923506371 1.0364622515958198e-08 1.0364622515958198e-08 6.968160212359842e-06 1.7818719218150108e-05 8.773042889407408e-05 0.00019334149783245964 0.0003218195923506371
787 7083 3.772383580594446 0.00019033826476349137 4.722385359145117e-09 4.722385359145117e-09 1.480203524671312e-05 5.405600020453179e-05 9.57036641173196e-05 0.00015708559830779809 0.00019033826476349137
161 1449 0.016011602311630586 0.5890012745932478 0.0004988654218225111 0.0004988654218225111 0.07197282214862047 0.1613059898537533 0.3933018242485885 0.4562881076098471 0.5890012745932478
121 1089 0.3568953047644735 1.0032076230889717 0.015916245872196186 0.015916245872196186 0.0752000265140309 0.31564962083132875 0.35886569295890086 0.49198858935555356 1.0032076230889717
35 315 0.08175257967252085 1.0889803174940629 0.2535367559612898 0.2535367559612898 0.3624199483968909 0.5929424925323018 0.7775777180081912 1.0674526995224196 1.0889803174940629
33 297 0.3142597957052985 1.8406094009158698 0.16566825109338762 0.16566825109338762 0.4046690520118689 0.6019590723562149 0.920983892250061 1.1052755621164065 1.8406094009158698
466 4194 0.4199834972723007 0.04407877704338875 1.6873202483784215e-05 1.6873202483784215e-05 0.0001303223536560166 0.004006601705089791 0.006962660491307883 0.01786911653598794 0.04407877704338875
108 972 0.11901524749127483 1.3245378589888328 0.01258543571042303 0.01258543571042303 0.14992165259674312 0.3309502964684669 0.43622018206398333 0.5977324558693394 1.3245378589888328
154 1386 0.0001201845078630429 0.1500386355713977 0.011166487452534317 0.011166487452534317 0.03541178715282212 0.05508406788732694 0.07415858730938843 0.10709475404400627 0.1500386355713977
15 135 0.20284660401522253 1.2019414682281526 0.5081434789525255 0.5081434789525255 0.6762877950497665 0.7662882832625015 0.9129032639152113 1.0404708469918977 1.2019414682281526
1683 15147 4545177.991549561 5.78527244590904e-10 3.869818224932921e-13 3.869818224932921e-13 7.409489308220757e-11 1.191190245552905e-10 2.2371930763093483e-10 4.6882260679528e-10 5.78527244590904e-10
1165 10485 85.74866957847766 1.6285195026920876 0.1417017399236831 0.1417017399236831 0.4095589873885348 0.5298505332145722 0.6480932674718817 1.0354179722745105 1.6285195026920876
564 5076 0.3755902077955391 0.0029902889420928155 1.029086913367336e-06 1.029086913367336e-06 0.00011444019592947113 0.0007862516980589047 0.001261762653316603 0.0020669866109743382 0.0029902889420928155
735 6615 8.20091118257419 0.00032569479585522175 1.2570473855084308e-07 1.2570473855084308e-07 2.3282972791826634e-05 5.0184212864766476e-05 0.0001488108062072203 0.00017785951514275183 0.00032569479585522175
1834 16506 525256.7896998278 3.684856136100714e-10 2.8610182846223017e-15 2.8610182846223017e-15 1.830711145783298e-11 3.162947671839897e-11 7.235173419555999e-11 2.3406135395575696e-10 3.684856136100714e-10
289 2601 0.002690287946045161 0.12393082162934944 8.962915915221418e-06 8.962915915221418e-06 0.015970513057800208 0.03153721888352909 0.06721891038606376 0.10232933412574802 0.12393082162934944
283 2547 0.08383891542070908 0.24572514204024407 0.00017730405440324673 0.00017730405440324673 0.005753974589961487 0.03302223357332213 0.05508177251324848 0.10912507414148132 0.24572514204024407
782 7038 0.3506173724848261 0.00012522240427867507 1.3600191544658528e-09 1.3600191544658528e-09 2.375874015369156e-05 3.482021006296375e-05 7.866504729576045e-05 0.00010522425236962449 0.00012522240427867507
578 5202 0.6509402634832298 0.011131320787590116 1.9455882698804116e-07 1.9455882698804116e-07 0.00015830717466101214 0.0005645095482596032 0.0012318706872690324 0.0034961398090902224 0.011131320787590116
910 8190 78.87233234954665 5.42736692425225e-05 9.85096154578197e-08 9.85096154578197e-08 5.674975893683106e-06 1.7995502106977747e-05 3.888930766013484e-05 4.5203073492923594e-05 5.42736692425225e-05
1154 10386 169.80775986887508 9.104692966149592e-07 1.2467877701071108e-11 1.2467877701071108e-11 6.839852563354686e-08 1.3242716668786047e-07 3.818965145872084e-07 5.748432716942853e-07 9.104692966149592e-07
473 4257 0.471312869094375 0.008819179920259174 2.3078849562357543e-06 2.3078849562357543e-06 0.000989867557847304 0.0028297416002284943 0.004083331031930642 0.005134437088652712 0.008819179920259174
36 324 0.07531381607745585 1.0697880816775296 0.2546057538921579 0.2546057538921579 0.35116857083784603 0.5931949723747404 0.7789846063781957 0.9894394958092257 1.0697880816775296
788 7092 3.579937498802682 0.00017364529870929005 4.587826846344491e-09 4.587826846344491e-09 1.4975251722698033e-05 5.405218604672895e-05 9.632250768894071e-05 0.00015899844565112818 0.00017364529870929005
825 7425 14.413020712635428 0.000310629862881784 1.0154838460120116e-08 1.0154838460120116e-08 6.5328848175790775e-06 1.7787456082765875e-05 8.253900411691623e-05 0.00019514036965918968 0.000310629862881784
122 1098 0.39747734277565455 1.0549867403018574 0.016375209427738124 0.016375209427738124 0.07240394850800923 0.3138051924035121 0.35034459954260594 0.5004923347096866 1.0549867403018574
109 981 0.10384147448920257 1.2397379675257405 0.011800862264520047 0.011800862264520047 0.14858514019455937 0.31898060408228335 0.4365324412569552 0.5872457917524503 1.2397379675257405
34 306 0.30858031683628073 1.7576533133890566 0.1619235357096047 0.1619235357096047 0.3720390400335647 0.5814717263376515 0.9201779028125819 1.1165719565562318 1.7576533133890566
467 4203 0.3864359466602176 0.044506880285380655 1.6271342259635354e-05 1.6271342259635354e-05 0.0001338622962305188 0.003976935796103725 0.006855302533139945 0.017528252833909463 0.044506880285380655
162 1458 0.015592145300362618 0.5759005503504235 0.0004928138000890121 0.0004928138000890121 0.0725415092999398 0.1758276046308193 0.3840185378365974 0.4761597090582205 0.5759005503504235
1684 15156 4889542.687433735 5.831619042595393e-10 3.672134766577884e-13 3.672134766577884e-13 7.274996203580558e-11 1.1387460044715608e-10 2.1321584144078644e-10 4.74625707773938e-10 5.831619042595393e-10
565 5085 0.387682993004477 0.0027805006356085033 9.923320244966522e-07 9.923320244966522e-07 0.00011273185684919669 0.0007772212559223864 0.0013175957897701327 0.0020418337924942307 0.0027805006356085033
16 144 0.20266706749302257 1.471392516016787 0.4890810860483917 0.4890810860483917 0.6491553858412634 0.7472982831823015 0.9099740687325353 1.0232336566329163 1.471392516016787
1835 16515 521173.94142312807 3.658303415037465e-10 2.542152720191381e-15 2.542152720191381e-15 1.729471649234739e-11 3.171839062005406e-11 7.341517842053442e-11 2.3037617030938127e-10 3.658303415037465e-10
736 6624 8.369155695072427 0.0003477414571591324 1.2119102206866239e-07 1.2119102206866239e-07 2.1505667348006163e-05 4.956934078978012e-05 0.00014491905757552722 0.00017936538197571878 0.0003477414571591324
155 1395 0.00010819714797781997 0.14190356486304934 0.01118487931580022 0.01118487931580022 0.03299613377084443 0.05587328940907696 0.0741104573063144 0.10626783923835238 0.14190356486304934
290 2610 0.002604567678315042 0.11679963859482195 8.411323739205363e-06 8.411323739205363e-06 0.01613538144111193 0.03251636193571912 0.06901444287958285 0.10104794147500197 0.11679963859482195
783 7047 0.3380975167206978 0.00012460726314110948 1.1945238488616697e-09 1.1945238488616697e-09 2.368834145714998e-05 3.3588033157843e-05 8.02682253465718e-05 0.00010349505705289123 0.00012460726314110948
911 8199 79.02673125215429 5.434979422173679e-05 9.133116126188293e-08 9.133116126188293e-08 5.596667168737856e-06 1.9353885722424745e-05 3.774790042935658e-05 4.527284513630351e-05 5.434979422173679e-05
1166 10494 85.31330389861645 1.7148415748450128 0.13732928024493474 0.13732928024493474 0.3911738304449445 0.4920294344860915 0.6411202704008432 1.0444856297533298 1.7148415748450128
37 333 0.06852520077038428 1.0685014029281497 0.25280014697029646 0.25280014697029646 0.35356595331439006 0.5860231879187763 0.7196177821248725 0.9624123123234063 1.0685014029281497
284 2556 0.07915191871377494 0.23709380246293643 0.0001722470042082316 0.0001722470042082316 0.0054567325924706435 0.03351975530244559 0.055637299611738286 0.10713654920406199 0.23709380246293643
1155 10395 191.24183469910326 9.016446716350084e-07 1.253108037539213e-11 1.253108037539213e-11 6.964724125023614e-08 1.3727345965124132e-07 3.5659206772458356e-07 5.665692593763106e-07 9.016446716350084e-07
579 5211 0.6910111304697022 0.0104979736264996 1.8982218932337954e-07 1.8982218932337954e-07 0.00015032700604870956 0.0005792501184540947 0.001192390138672639 0.0034884936738331348 0.0104979736264996
826 7434 16.753790420356815 0.00029472487548519053 1.0218865604869973e-08 1.0218865604869973e-08 6.4585266705999836e-06 1.86207436686366e-05 7.801729473445751e-05 0.0001893648263614899 0.00029472487548519053
110 990 0.09468439678808362 1.195900526744675 0.011412313007939582 0.011412313007939582 0.148689037762596 0.3207268519169944 0.4374724732631444 0.546663285356987 1.195900526744675
474 4266 0.42424702066424286 0.00893797718879143 2.222016538130413e-06 2.222016538130413e-06 0.0009792799350526282 0.0026801068424512162 0.004261537988547302 0.00518439122949084 0.00893797718879143
123 1107 0.44334684953443887 1.0893918621387029 0.014728687621772166 0.014728687621772166 0.07469226484336801 0.30809895454856767 0.3593578141784364 0.5055053318703849 1.0893918621387029
789 7101 3.934880242949724 0.00016980307207586966 4.562155453663018e-09 4.562155453663018e-09 1.5004225325156568e-05 5.456542654815934e-05 9.042190209397948e-05 0.00015077818259466678 0.00016980307207586966
35 315 0.29233392863422647 1.7243448210224297 0.14891321130460175 0.14891321130460175 0.37472766679124186 0.5669727052344732 0.9301371988488246 1.121410780750678 1.7243448210224297
468 4212 0.38663616352172003 0.04275960785070639 1.5622523291349018e-05 1.5622523291349018e-05 0.00013777152618555755 0.0037132984184471986 0.006774033196663068 0.01776453261433855 0.04275960785070639
1685 15165 4886589.0558899045 6.187170084011653e-10 3.6767977757260615e-13 3.6767977757260615e-13 7.019908170892543e-11 1.0356060793808305e-10 2.1636178961281268e-10 4.712398113488598e-10 6.187170084011653e-10
566 5094 0.4314336584911277 0.0025808548742751757 9.057784195224595e-07 9.057784195224595e-07 0.00011198122914119233 0.0008042660271995399 0.0013434016565159585 0.0020504473551874033 0.0025808548742751757
1836 16524 521365.4002334579 3.6464387064930614e-10 2.6010429269804566e-15 2.6010429269804566e-15 1.5622201291344822e-11 3.116925671580634e-11 7.646539147974577e-11 2.231862627419167e-10 3.6464387064930614e-10
17 153 0.193851797849663 1.4396782636020156 0.4735933057274254 0.4735933057274254 0.6498552652049642 0.737618531859122 0.8820591716466462 0.9965096058150137 1.4396782636020156
38 342 0.06423889163269547 1.0594103608959422 0.24761549454351398 0.24761549454351398 0.34973863429063345 0.5589542365798762 0.6886468029442866 0.9449403704973556 1.0594103608959422
912 8208 89.32364881118455 5.3039308899808156e-05 9.22548966373486e-08 9.22548966373486e-08 5.3283557149620115e-06 2.0588306229842923e-05 3.808321515606871e-05 4.2196973335111905e-05 5.3039308899808156e-05
737 6633 8.450634316209639 0.0003452864771852515 1.183192790344255e-07 1.183192790344255e-07 2.2812991626383682e-05 4.546567150642381e-05 0.00013807795764642436 0.0001785837966242791 0.0003452864771852515
163 1467 0.014928729472084894 0.5497502602470311 0.0004817011518524662 0.0004817011518524662 0.07055140491861847 0.169738454200922 0.37175019300537443 0.47860480702766506 0.5497502602470311
156 1404 9.441612336745384e-05 0.14176091149716305 0.011030553442728819 0.011030553442728819 0.03320944987388039 0.052042671590735536 0.07185641224236947 0.10295516117283302 0.14176091149716305
291 2619 0.002757632266374561 0.11643969475537695 7.797285137132172e-06 7.797285137132172e-06 0.015920774285011926 0.03169879009988749 0.06749637196137057 0.1001589055365773 0.11643969475537695
1156 10404 206.06293839210582 8.813381881921803e-07 1.2342795664145379e-11 1.2342795664145379e-11 6.773264412771102e-08 1.42544162053153e-07 3.4417105061233435e-07 6.285142511980941e-07 8.813381881921803e-07
580 5220 0.6239907515920288 0.010099161685545473 1.8986389308184066e-07 1.8986389308184066e-07 0.0001454421286006139 0.0005970935984025629 0.00119549112701276 0.0035578926398592008 0.010099161685545473
784 7056 0.3417181353301807 0.0001302846716995869 1.1381074487792366e-09 1.1381074487792366e-09 2.367870698672869e-05 3.261662289286723e-05 7.74639802719356e-05 0.00010407163787259979 0.0001302846716995869
827 7443 16.854038516660008 0.00032554412969237136 1.0298743599325674e-08 1.0298743599325674e-08 6.828165959525664e-06 1.732267240624304e-05 7.321866922053336e-05 0.00018834035386044813 0.00032554412969237136
285 2565 0.08114704049224515 0.22674413192798526 0.00016607169757397575 0.00016607169757397575 0.0053891018541459956 0.03301379883897428 0.055511089778353076 0.10509589300912518 0.22674413192798526
1167 10503 93.75653805624889 1.7123802389621678 0.1341476756084266 0.1341476756084266 0.39331939136920596 0.4615884945807331 0.6320478132489188 1.0860134447187466 1.7123802389621678
111 999 0.10402680608654276 1.1216749319442445 0.01101166255268073 0.01101166255268073 0.1437022055807822 0.3349219853512339 0.43976090027485437 0.520885445057348 1.1216749319442445
36 324 0.2812560751449967 1.7870999545414685 0.1269693868818874 0.1269693868818874 0.37005993280220145 0.5656140036657995 0.9452063975086197 1.0888717798266723 1.7870999545414685
1686 15174 4829644.514846146 6.188028529541957e-10 3.3463920140125407e-13 3.3463920140125407e-13 6.920118265536584e-11 1.0370399937626991e-10 2.0264873800505454e-10 4.923827172874906e-10 6.188028529541957e-10
124 1116 0.5074676893187529 1.1193518432980465 0.014518732887487588 0.014518732887487588 0.0734681778421911 0.3040501871139649 0.3723139468998855 0.49203528128661606 1.1193518432980465
18 162 0.20321239740504132 1.40401239233648 0.4322093847319006 0.4322093847319006 0.6405694873871443 0.7583123930279205 0.8603648362937028 1.014024616603523 1.40401239233648
1837 16533 538478.9282142448 3.561323607112773e-10 2.610677611334449e-15 2.610677611334449e-15 1.4606985646284177e-11 3.168939874058141e-11 7.401835182525031e-11 2.307280369292949e-10 3.561323607112773e-10
738 6642 8.73210661052512 0.0003561149736227101 1.0786859034025278e-07 1.0786859034025278e-07 2.281743944884484e-05 4.445130775246588e-05 0.00013864478314939502 0.00018323735694435918 0.0003561149736227101
469 4221 0.37538063389345494 0.04240155962531714 1.579116513544639e-05 1.579116513544639e-05 0.00013979888541252225 0.0036199100002763077 0.006739661913888299 0.016975230800262246 0.04240155962531714
790 7110 4.354133847869087 0.00016263124344700566 4.621795860154525e-09 4.621795860154525e-09 1.6505356632272666e-05 5.231102294435772e-05 8.760433312453726e-05 0.0001502318313907412 0.00016263124344700566
567 5103 0.48976761582034467 0.0026853883858348297 8.960224055060218e-07 8.960224055060218e-07 0.00010549365325037656 0.000824314959553094 0.0013477952340031252 0.001994822667366151 0.0026853883858348297
475 4275 0.40965318467682077 0.008375238319075242 2.1368737408044597e-06 2.1368737408044597e-06 0.0009659113300273173 0.002682276000656166 0.004336263044777095 0.005218414918715358 0.008375238319075242
913 8217 91.386520866543 5.013869942945354e-05 9.386156906520684e-08 9.386156906520684e-08 5.03168412431424e-06 2.1904669587581127e-05 3.7355452649880886e-05 4.3839086591969e-05 5.013869942945354e-05
39 351 0.057958936183174145 1.1168607117274896 0.2378109503741528 0.2378109503741528 0.3353673880273866 0.5417500209228047 0.7011375126761304 0.9060455094034288 1.1168607117274896
164 1476 0.013663130167442132 0.5206484218193087 0.0004673853570248316 0.0004673853570248316 0.06964557420972631 0.17166289521182504 0.36868820102979033 0.4702787232263602 0.5206484218193087
785 7065 0.35591258828665834 0.00013230747145378985 1.0480885777233586e-09 1.0480885777233586e-09 2.5414953334297437e-05 3.180693156921435e-05 7.448124010505371e-05 0.00010169387151645325 0.00013230747145378985
292 2628 0.0023657307313181743 0.1090677682317435 7.74346124662796e-06 7.74346124662796e-06 0.01693851030113741 0.031692570906922415 0.06565513360652006 0.09867521076558086 0.1090677682317435
1157 10413 241.45316603622408 8.730928199807629e-07 1.155906089768372e-11 1.155906089768372e-11 6.580231262776933e-08 1.496129775713029e-07 3.4813505888034184e-07 6.205184648221618e-07 8.730928199807629e-07
581 5229 0.5940591466393054 0.009896379526896126 1.9230095413520077e-07 1.9230095413520077e-07 0.0001296416776391843 0.0005936151362927725 0.0011612893777960072 0.003568856835485842 0.009896379526896126
828 7452 17.61869208827238 0.00031113116194329815 1.00773647692278e-08 1.00773647692278e-08 6.72340041831046e-06 1.7585857081526067e-05 7.213203123621833e-05 0.00018262395968378806 0.00031113116194329815
157 1413 9.344325449039041e-05 0.14085662695468795 0.01007752246309911 0.01007752246309911 0.03339521206995867 0.05055818648999435 0.06689983090326568 0.10356055320053556 0.14085662695468795
568 5112 0.52873929942907 0.002563713548470957 8.921824044774598e-07 8.921824044774598e-07 0.00010385439432921988 0.0008154145553866662 0.0014079479249750166 0.001986742795722178 0.002563713548470957
1168 10512 97.33465866843767 1.71853011118946 0.13261212128245728 0.13261212128245728 0.37869987706921043 0.4578948783326989 0.6458919027365331 1.1034731148763695 1.71853011118946
1687 15183 4758671.83384327 5.833756349251501e-10 3.3377116303189416e-13 3.3377116303189416e-13 6.503472191439344e-11 1.0626303367294452e-10 2.1024682223415967e-10 4.900776201101494e-10 5.833756349251501e-10
37 333 0.2311002953364149 1.7969781732865897 0.11363746886130376 0.11363746886130376 0.3662165339185208 0.5706765052751811 1.016497104168415 1.0542100239547951 1.7969781732865897
1838 16542 556065.3955334936 3.4538893845189697e-10 2.396203723491637e-15 2.396203723491637e-15 1.467833098227671e-11 3.225042283225384e-11 8.151722684816076e-11 2.2163405735888133e-10 3.4538893845189697e-10
19 171 0.20802412649334828 1.5136414639722813 0.4102926160856005 0.4102926160856005 0.6375998402375102 0.7448412908769827 0.844989569637707 1.0243634072699666 1.5136414639722813
112 1008 0.09896807840465911 1.1226464330255637 0.009643306583229943 0.009643306583229943 0.1466162497506374 0.3229856023245715 0.46204204186370235 0.5687614512369928 1.1226464330255637
470 4230 0.33166895535409097 0.04236276450922038 1.4908741504701594e-05 1.4908741504701594e-05 0.00014456352286148323 0.003672340543383882 0.007025558078470144 0.016143170541290466 0.04236276450922038
286 2574 0.08351584645114665 0.2202563087299386 0.000166675549884901 0.000166675549884901 0.005175004637641537 0.03295715959358929 0.05494129764715521 0.10965968067496834 0.2202563087299386
125 1125 0.5448049203595273 1.2243614455868088 0.0141734226240246 0.0141734226240246 0.07270642365619472 0.3080462042470024 0.3725237326818607 0.4374939849830072 1.2243614455868088
739 6651 9.745357420742964 0.0003537239805358374 9.719603098357318e-08 9.719603098357318e-08 2.4294412675098966e-05 4.26615919802965e-05 0.0001415021236507212 0.00018423523727475715 0.0003537239805358374
791 7119 4.1182444929449336 0.00016028382837093968 4.723689838883067e-09 4.723689838883067e-09 1.768103192258133e-05 4.893051695561628e-05 8.582535915804644e-05 0.00014976160818425718 0.00016028382837093968
476 4284 0.3754300952492797 0.008316387857895732 2.119454087998717e-06 2.119454087998717e-06 0.0008735711037278624 0.0027423753932553805 0.0041273150492958975 0.005522392007352988 0.008316387857895732
914 8226 84.47868321445354 4.980233976938209e-05 9.352471370384871e-08 9.352471370384871e-08 5.30136477208918e-06 2.1934413785836613e-05 3.4837905906521495e-05 4.152541627071664e-05 4.980233976938209e-05
40 360 0.05621446075270851 1.0994139969235215 0.23413498748541509 0.23413498748541509 0.3304117574293121 0.5222515141202626 0.6600075842501371 0.8933098895328977 1.0994139969235215
293 2637 0.002139192049486287 0.10580127475547375 7.38151523000573e-06 7.38151523000573e-06 0.016457126320782934 0.030891850402886 0.06761194391340346 0.0972323233195458 0.10580127475547375
165 1485 0.013116162229598868 0.5091398237393734 0.0004670685250434127 0.0004670685250434127 0.06732943404628579 0.1688621195225062 0.35765158021161125 0.4482799484493484 0.5091398237393734
158 1422 8.765354735602271e-05 0.14089046492599466 0.009800227952191189 0.009800227952191189 0.03174223958302327 0.05358296241800755 0.06569825099532127 0.09676138857747743 0.14089046492599466
786 7074 0.3250558446976283 0.00013836656959822287 1.0373018908299712e-09 1.0373018908299712e-09 2.432745269974797e-05 3.299724113678616e-05 7.223550287590883e-05 9.611351026780786e-05 0.00013836656959822287
582 5238 0.5356099897542657 0.009697888886013233 1.9561842665832156e-07 1.9561842665832156e-07 0.00012008797492561764 0.0005819372771411216 0.0011511433669069153 0.0035533562446441866 0.009697888886013233
1688 15192 5134500.764631495 5.476614766723168e-10 3.2979845009763395e-13 3.2979845009763395e-13 6.329946753430696e-11 1.0760436528194149e-10 2.0612030682279737e-10 4.875798520896061e-10 5.476614766723168e-10
829 7461 17.83246440373261 0.00032379675551458633 9.61527226821396e-09 9.61527226821396e-09 6.715563517488345e-06 1.7211460463553875e-05 7.157810812836833e-05 0.00017587965164891865 0.00032379675551458633
1839 16551 489116.0678012592 3.745553415229291e-10 2.3845324479136054e-15 2.3845324479136054e-15 1.4901589460123404e-11 2.9955365213888756e-11 7.738418907231704e-11 2.1497833028288612e-10 3.745553415229291e-10
1158 10422 274.8579158964686 8.116159043142793e-07 1.1604052663827153e-11 1.1604052663827153e-11 7.242005676071792e-08 1.5606962483251952e-07 3.475558808008402e-07 5.956546273773967e-07 8.116159043142793e-07
569 5121 0.5833682451366986 0.0025362032246902004 9.021188979337326e-07 9.021188979337326e-07 0.0001003644971009797 0.0008434441733682971 0.001410900266175087 0.0018458382800366937 0.0025362032246902004
20 180 0.1980020723234693 1.5150223146896888 0.4077467351940185 0.4077467351940185 0.6225937896283212 0.7362781160384831 0.8640945967892756 0.9918785236299642 1.5150223146896888
471 4239 0.2891092288385222 0.03956767610290064 1.510895089783075e-05 1.510895089783075e-05 0.00015144165483745202 0.003611451464585522 0.00673536078845158 0.015773441572088556 0.03956767610290064
1169 10521 91.06799642432992 1.6094308681452565 0.12450428356083788 0.12450428356083788 0.3920817663244486 0.44909387233755543 0.643245488943566 1.1649260850074854 1.6094308681452565
38 342 0.19791297231196933 1.7650689139179168 0.10757976495093896 0.10757976495093896 0.3652878833469027 0.5369556544712863 0.9652994649359982 1.0467285127109405 1.7650689139179168
113 1017 0.09422103132307456 1.116302070489627 0.009354816573424267 0.009354816573424267 0.1490065774879964 0.31537781845675056 0.4516089993705368 0.557974662515114 1.116302070489627
287 2583 0.08765560983378541 0.2167229735028181 0.00015503083423956294 0.00015503083423956294 0.005411691547726884 0.03198136632494681 0.05310137877136152 0.1127351597383984 0.2167229735028181
126 1134 0.5720241518550498 1.2498295711184608 0.01345367066799776 0.01345367066799776 0.07326593856271935 0.30836816369646963 0.3556412227103812 0.4406164762483041 1.2498295711184608
740 6660 11.019608267770634 0.00036892432868724476 9.255350615338724e-08 9.255350615338724e-08 2.6323682520286916e-05 3.9971517575859335e-05 0.00014189761432752105 0.0001796851178383957 0.00036892432868724476
792 7128 3.8990782439658744 0.00015932926402780295 4.557741293354019e-09 4.557741293354019e-09 1.621815056940913e-05 4.9477524413817764e-05 8.423793129625561e-05 0.00014751213867889316 0.00015932926402780295
915 8235 81.78209088486146 4.826073602941482e-05 9.185609718069495e-08 9.185609718069495e-08 5.226674950603173e-06 2.15834551498682e-05 3.421210501592212e-05 4.216068369307479e-05 4.826073602941482e-05
166 1494 0.01178855318018734 0.47372842985073266 0.0004455530904235159 0.0004455530904235159 0.06635309377597944 0.17229379195629946 0.3733058958809159 0.41944093819968314 0.47372842985073266
41 369 0.050027139088669986 1.0659207519701976 0.22639680743021853 0.22639680743021853 0.3285759034630222 0.5102859237565663 0.6790307511782355 0.9100085747704459 1.0659207519701976
294 2646 0.002135943664501759 0.10369888785437271 6.986799580531208e-06 6.986799580531208e-06 0.01704470988798341 0.029635414173915103 0.06587991024453466 0.09235158741804066 0.10369888785437271
1689 15201 6245469.947868794 5.716617927180336e-10 3.1854858938782314e-13 3.1854858938782314e-13 6.304917041695622e-11 1.0614884947640418e-10 2.0647814240322674e-10 4.759065591646986e-10 5.716617927180336e-10
477 4293 0.38551652981833695 0.008606563813565001 2.079135658626298e-06 2.079135658626298e-06 0.0008806644306301008 0.0025065063455218775 0.003972372074724064 0.005521351926886661 0.008606563813565001
583 5247 0.4908571789355081 0.00953236996922357 1.8418515364912598e-07 1.8418515364912598e-07 0.00012141239037940528 0.0005518859349462634 0.0011442309805213288 0.003468870377556943 0.00953236996922357
1840 16560 453879.646453839 3.6248794437475853e-10 2.349022075902999e-15 2.349022075902999e-15 1.3358812435693518e-11 3.0257616710555986e-11 7.744888288870662e-11 2.0945317854059929e-10 3.6248794437475853e-10
830 7470 16.49570168357687 0.00032261053075959993 9.632226576450242e-09 9.632226576450242e-09 6.6299147165111465e-06 1.5843567436897438e-05 6.87741235371456e-05 0.0001862950121653747 0.00032261053075959993
21 189 0.2047178558078604 1.478706831739033 0.37329776096877204 0.37329776096877204 0.6093304591393087 0.7310505347501787 0.8690633411934933 0.9954314619904585 1.478706831739033
39 351 0.1892438543871519 1.7218621510194412 0.10048637211433814 0.10048637211433814 0.339105708694016 0.5193608525540195 0.9611890669521802 1.045674457114279 1.7218621510194412
472 4248 0.29728183082766835 0.038305464806193346 1.381919792127712e-05 1.381919792127712e-05 0.0001463104474873877 0.0035424648322007466 0.006599515951889285 0.01644055783820175 0.038305464806193346
570 5130 0.5867602968900024 0.002598614872202182 8.650903103700475e-07 8.650903103700475e-07 9.234846405671118e-05 0.0008865738492156306 0.0014088450017686602 0.001826537094765306 0.002598614872202182
114 1026 0.09574887772815022 1.0460695535852542 0.00883286512563469 0.00883286512563469 0.13770800818334838 0.32550570669922485 0.45157765754778567 0.5738757967499377 1.0460695535852542
1159 10431 401.2201841214448 8.09458432541964e-07 1.1011912703364559e-11 1.1011912703364559e-11 7.697614981119515e-08 1.5743774554891066e-07 3.3868167396885825e-07 5.808486928432317e-07 8.09458432541964e-07
916 8244 81.5723322713515 5.007771353968376e-05 9.026183948237322e-08 9.026183948237322e-08 4.991174775599633e-06 2.138587401699891e-05 3.365366183714595e-05 4.261687694199804e-05 5.007771353968376e-05
127 1143 0.5014918969851658 1.1958252476313975 0.012850878153726797 0.012850878153726797 0.07493080920072757 0.2947298552092875 0.36681613255785056 0.46738380195243784 1.1958252476313975
741 6669 10.325451608205809 0.00036594760629278235 8.197231567729758e-08 8.197231567729758e-08 2.959677157509993e-05 3.88419999032244e-05 0.0001395515811618093 0.0001829209575664274 0.00036594760629278235
167 1503 0.011373180939050674 0.454810686882734 0.0004395284741169359 0.0004395284741169359 0.06675516503058422 0.1687277171136612 0.36911780644168507 0.3988174175190543 0.454810686882734
1170 10530 78.89789849364062 1.5897511380728861 0.12049447339504632 0.12049447339504632 0.3777782908124631 0.4386813374648813 0.6298703037726283 1.1868881464616778 1.5897511380728861
787 7083 0.3464047687969597 0.0001342484433226577 9.850948030724621e-10 9.850948030724621e-10 2.3989958166743664e-05 3.165111825590702e-05 7.242168583549521e-05 9.671393214120233e-05 0.0001342484433226577
793 7137 3.633574892614395 0.00016012179138319213 4.5244635718378455e-09 4.5244635718378455e-09 1.5371676369858846e-05 4.953980534505332e-05 8.519538844731593e-05 0.00013603537936620895 0.00016012179138319213
1690 15210 6807336.463689824 5.586290705409602e-10 3.27643471038032e-13 3.27643471038032e-13 6.370429521903266e-11 1.125042272098757e-10 2.060122996035079e-10 4.6503131008345884e-10 5.586290705409602e-10
42 378 0.04526808290448887 0.9875929675312051 0.22160256231943268 0.22160256231943268 0.3229069928142758 0.4995881526528418 0.6746686862196247 0.9505260160635913 0.9875929675312051
295 2655 0.002222721883434223 0.10151466748210392 6.5877242206628726e-06 6.5877242206628726e-06 0.01797841020788324 0.02983629308981298 0.06556074315030794 0.08574745013942028 0.10151466748210392
288 2592 0.0888014877940393 0.2246999178684895 0.00013899808460860532 0.00013899808460860532 0.005353298341652009 0.031152768640938355 0.05167713300082615 0.12251410690565678 0.2246999178684895
22 198 0.22245489351769118 1.4732565555466317 0.33522926486683974 0.33522926486683974 0.6171360546695794 0.7444906352058553 0.8508187263557628 1.0502960321749213 1.4732565555466317
584 5256 0.44136288371139987 0.009647375154176765 1.8066514636084264e-07 1.8066514636084264e-07 0.0001181656172021667 0.0005400192087894542 0.0011318262055001738 0.00320049832993091 0.009647375154176765
571 5139 0.5780902862836774 0.002422699672255933 8.77884866518469e-07 8.77884866518469e-07 8.887200969620885e-05 0.0008561970187012273 0.0014148214883065611 0.0018297590963670758 0.002422699672255933
1841 16569 443595.2980964434 3.4829655578028654e-10 2.4547812971007344e-15 2.4547812971007344e-15 1.332715779209174e-11 2.9946918697582467e-11 7.498771253408175e-11 1.999631460146787e-10 3.4829655578028654e-10
478 4302 0.3399028573816533 0.00849761963348147 2.06051781374337e-06 2.06051781374337e-06 0.0008582581654509657 0.00244664139251965 0.004081280165199776 0.005671240284106998 0.00849761963348147
831 7479 16.070420603078198 0.00032575532812060995 9.271406459066727e-09 9.271406459066727e-09 6.69126434909598e-06 1.514979203025265e-05 6.580636436738255e-05 0.0001803622783141186 0.00032575532812060995
917 8253 89.98079346577836 5.213651370019927e-05 8.764484101102803e-08 8.764484101102803e-08 4.8109769297632705e-06 2.0846310453304896e-05 3.16490817776955e-05 4.387844960095852e-05 5.213651370019927e-05
40 360 0.19162037283377434 1.8148745291623924 0.09863345586801152 0.09863345586801152 0.33184187058866116 0.5227879996870634 0.9339497708864876 1.0054456615484575 1.8148745291623924
115 1035 0.09211094562217961 1.0551588907194123 0.008467437942536108 0.008467437942536108 0.14758676950553212 0.3175746116902298 0.44830474480359056 0.5435210574000204 1.0551588907194123
473 4257 0.3421134262039218 0.03960396768794264 1.329925208712508e-05 1.329925208712508e-05 0.0001335776925327795 0.003578246186367498 0.00670627598591076 0.016614742705090692 0.03960396768794264
742 6678 10.887435841126383 0.00035896892516292526 7.998879470966261e-08 7.998879470966261e-08 2.92222530863509e-05 3.7233135196452e-05 0.00013370867104326925 0.00017597057144501765 0.00035896892516292526
1691 15219 7719969.311302777 5.597950894710459e-10 3.313787697006731e-13 3.313787697006731e-13 6.371287713534984e-11 1.0844857183616403e-10 1.9349528253020525e-10 4.467130261429395e-10 5.597950894710459e-10
