% # columns="iteration, evaluation, min max(neg(.)) min(pos(.)) max correlation, correlation matrix principle axes lengths  (sorted square roots of eigenvalues of correlation matrix)", seed=769577, Fri May 27 14:26:01 2022
548 4932 -0.7423099848124891 -0.04111181931309638 0.013547252304877305 0.8933051248752855 1 1 1 1 1 1
810 7290 -0.999982083875579 -0.04657925760277209 0.04171973145215092 0.9636305148745594 1 1 1 1 1 1
721 6489 -0.997381339107221 -0.06293020334044923 0.08957670370611143 0.8876772178636997 1 1 1 1 1 1
1266 11394 -0.16731274743409813 -0.017860475571540278 0.0025277640494900805 0.08184710475531559 1 1 1 1 1 1
565 5085 -0.1471683178085758 -0.0336610787335871 0.01930962739771239 0.9999825263080063 1 1 1 1 1 1
1152 10368 -0.7318004946459481 -0.012317103231670505 0.012593477643311875 0.5147443185181236 1 1 1 1 1 1
1820 16380 -0.986194734536627 -0.001944957938085847 0.14245899048657498 0.9999605279292009 1 1 1 1 1 1
21 189 -0.47069712733119584 -0.012445241450894696 0.06005840609559496 0.3612880974543404 1 1 1 1 1 1
1668 15012 -0.5039297611633561 -0.008629584484046382 0.09005579364521939 0.5911143382256986 1 1 1 1 1 1
94 846 -0.9438691118333722 -0.07769711544537633 0.018634107230573495 0.6182115792774664 1 1 1 1 1 1
273 2457 -0.88603745039471 -0.0003916469061987103 0.011932288418156814 0.5491882970525123 1 1 1 1 1 1
148 1332 -0.9797646857659307 -0.07071155707183774 0.11267392934064076 0.3941573884885152 1 1 1 1 1 1
108 972 -0.6168570738537608 -0.0058655990118920386 0.23038060099127744 0.6417654672527585 1 1 1 1 1 1
141 1269 -0.36507786051885016 -0.02126491280790891 0.03161245184531401 0.290694726140716 1 1 1 1 1 1
348 3132 -0.3951640352492133 -0.1038499916568428 0.009334380896378391 0.9999999998382789 1 1 1 1 1 1
1141 10269 -0.9999998757379107 -0.005790638843288504 0.005820389491318281 0.26953115084111046 1 1 1 1 1 1
19 171 -0.30560730424960836 -0.0040122961665451096 0.0176343549297462 0.3562770907329105 1 1 1 1 1 1
770 6930 -0.37583278279598914 -0.038015860293441006 0.08074701058776329 0.9999999920669481 1 1 1 1 1 1
270 2430 -0.9689976058361521 -0.005250412201293274 0.03587797020043784 0.13819482573669586 1 1 1 1 1 1
1 9 -0.09600800969613263 -0.0014646231407100185 0.005519338241527214 0.053832201048281514 1 1 1 1 1 1
775 6975 -0.9999997748772106 -0.1829569593639891 0.024472636684943472 0.658758099076743 1 1 1 1 1 1
460 4140 -0.38664053006241367 -0.018717932069596266 0.0293750569969798 0.9999855443016683 1 1 1 1 1 1
896 8064 -0.9678217073189099 -0.0026289955656140316 0.015662760054659663 0.30399453528589604 1 1 1 1 1 1
453 4077 -0.9170836754476771 -0.13847685729243492 0.06335009112958057 0.8532397153207181 1 1 1 1 1 1
549 4941 -0.749006829959123 -0.0549448931788618 0.02598470913361072 0.9061528456324961 1 1 1 1 1 1
811 7299 -0.9999826566101923 -0.07029317626424508 0.06553111393094384 0.9642307689525208 1 1 1 1 1 1
274 2466 -0.8951189436083292 -0.0047573182241594895 0.015324670464148453 0.5138617987155224 1 1 1 1 1 1
95 855 -0.9458934658116079 -0.01158231872652159 0.11909068984424923 0.6296343994353097 1 1 1 1 1 1
109 981 -0.5958950438940603 -0.011069372840435698 0.2002850937415621 0.6943132295590547 1 1 1 1 1 1
22 198 -0.4750584549371435 -0.002100002683155764 0.05217678209726469 0.3572132477602892 1 1 1 1 1 1
149 1341 -0.9811830723610512 -0.07393416707625788 0.12322197247539703 0.4454085731814607 1 1 1 1 1 1
566 5094 -0.12916468997037867 -0.0004109484819066342 0.023477813884418712 0.9999846559181405 1 1 1 1 1 1
722 6498 -0.9968493977148639 -0.03137509339956598 0.05031861208195755 0.8777885053678138 1 1 1 1 1 1
1267 11403 -0.26303329899600064 -0.015780866133901894 0.03309426928965574 0.11493101229792912 1 1 1 1 1 1
1153 10377 -0.7357247143556915 -0.01290980740954572 0.014215230366053473 0.5809511709028616 1 1 1 1 1 1
1821 16389 -0.9871243769574415 -0.0714172778769375 0.04366326497931105 0.9999614662383031 1 1 1 1 1 1
1669 15021 -0.587656440599988 -0.102273921288353 0.0003393620511295454 0.5055041792648793 1 1 1 1 1 1
142 1278 -0.34674782753245686 -0.052017278196235965 0.019443754309789063 0.414092310074815 1 1 1 1 1 1
349 3141 -0.38266616972506434 -0.005038306083126222 0.04190158167953747 0.9999999998717541 1 1 1 1 1 1
1142 10278 -0.9999998726641605 -0.04182913994972407 0.09137282469359072 0.2508601848957866 1 1 1 1 1 1
771 6939 -0.4608804493444985 -0.01630609437582438 0.001340076519203965 0.9999999933701892 1 1 1 1 1 1
2 18 -0.23029927693138227 -0.012844939277756623 0.0028894242695627266 0.08909030556874072 1 1 1 1 1 1
897 8073 -0.9684119160153675 -0.02583222552308121 0.05288776610780449 0.283540977910364 1 1 1 1 1 1
550 4950 -0.7761418182561441 -0.07404490932744452 0.0006298471941939528 0.9008260169825524 1 1 1 1 1 1
20 180 -0.36592869945729917 -0.0033834198761040412 0.02206885670158379 0.4006028204730305 1 1 1 1 1 1
454 4086 -0.9190672371079752 -0.16194480262484262 0.036040927161310264 0.8473378134320044 1 1 1 1 1 1
776 6984 -0.9999997528066104 -0.011814453569735142 0.26165831447557614 0.6324886211477129 1 1 1 1 1 1
461 4149 -0.3783497756298441 -0.01024592318083231 0.013303721894577373 0.9999865293930429 1 1 1 1 1 1
271 2439 -0.9707728951223814 -0.006346659065439527 0.025383897392763758 0.1653825529417854 1 1 1 1 1 1
1268 11412 -0.32842585126983215 -0.019796736433115178 0.023871268292927496 0.17327294531879284 1 1 1 1 1 1
812 7308 -0.9999813179253607 -0.040219704149697263 0.03514125842735287 0.9592618630926544 1 1 1 1 1 1
96 864 -0.9522864815540792 -0.0003272307068280724 0.1305457198295961 0.6165244028149305 1 1 1 1 1 1
275 2475 -0.9168393730185408 -0.057599908709983175 0.015486374618158317 0.5953691902284832 1 1 1 1 1 1
567 5103 -0.11838613223195074 -0.03755820127633958 0.04693321573175656 0.999984448217105 1 1 1 1 1 1
110 990 -0.5396705135701529 -0.03603757007271215 0.12870201763599462 0.6728452412195677 1 1 1 1 1 1
723 6507 -0.9969015616211624 -0.06274009839719559 0.10916993525815423 0.8823536559072219 1 1 1 1 1 1
23 207 -0.49896156217736876 -0.0279414850751613 0.032688399348173955 0.3606262309684595 1 1 1 1 1 1
1154 10386 -0.7465559350181928 -0.045586417044610875 0.018132922200464988 0.5051424379786658 1 1 1 1 1 1
150 1350 -0.9842555511975917 -0.06361947855753838 0.01272995498612103 0.3864450865362069 1 1 1 1 1 1
1822 16398 -0.9888161672075513 -0.03681999898469526 0.018190014963249266 0.9999641400104964 1 1 1 1 1 1
1670 15030 -0.638760501294606 -0.05026413956747121 0.11542886923985586 0.465435841226641 1 1 1 1 1 1
143 1287 -0.3230204034776596 -0.07461841357994962 0.04785944684358753 0.3762738659195984 1 1 1 1 1 1
350 3150 -0.4184181231311828 -0.0015497171263206804 0.047017395464165015 0.9999999998908471 1 1 1 1 1 1
1143 10287 -0.999999882890275 -0.03154194081359719 0.013073184340386575 0.22865138020834672 1 1 1 1 1 1
551 4959 -0.7851696918813079 -0.011063290278701116 0.11682014107350058 0.9184928080813836 1 1 1 1 1 1
772 6948 -0.45802512845695 -0.14833722478455627 0.013980396097249694 0.9999999938135428 1 1 1 1 1 1
898 8082 -0.9715701969508689 -0.02061513983908743 0.004523390666020894 0.2432657339426066 1 1 1 1 1 1
455 4095 -0.912002827973976 -0.1755515240096053 0.087815072616684 0.8639989724079875 1 1 1 1 1 1
272 2448 -0.9733493549733963 -0.05878754677502986 0.0020128461083105537 0.24193332286707117 1 1 1 1 1 1
3 27 -0.2643769866399631 -0.01267990124013493 0.058867174851847844 0.11760191876069247 1 1 1 1 1 1
777 6993 -0.9999997211762648 -0.008535803142634479 0.0020570098134449406 0.5889642199485918 1 1 1 1 1 1
276 2484 -0.9213979451883509 -0.016100847725484212 0.029892421483427984 0.642702912869018 1 1 1 1 1 1
568 5112 -0.0926912213624511 -0.018271560556595904 0.08651775675728655 0.9999855111757346 1 1 1 1 1 1
21 189 -0.37641839651038883 -0.040368924586476444 0.012469930864310542 0.5175279671107451 1 1 1 1 1 1
462 4158 -0.32582609709702093 -0.05300656847997368 0.04032456307008284 0.9999834659562139 1 1 1 1 1 1
813 7317 -0.9999778808262242 -0.030529238233801326 0.024801207521780402 0.95119970067226 1 1 1 1 1 1
1269 11421 -0.5005031422908126 -0.02288857528631407 0.01663628251555494 0.18678565885138496 1 1 1 1 1 1
97 873 -0.9525859960239634 -0.03154053158403966 0.00601439081702288 0.6078425888608671 1 1 1 1 1 1
24 216 -0.4965984105933193 -0.02932578673180696 0.07037682162544992 0.36510504891873924 1 1 1 1 1 1
724 6516 -0.9964586504208202 -0.00938120039001157 0.04069350474645094 0.8684006105384453 1 1 1 1 1 1
1155 10395 -0.7249148868886973 -0.017268905629432233 0.020177125566394463 0.5420948995348477 1 1 1 1 1 1
111 999 -0.5041993690237071 -0.0258854484214795 0.11494597298926718 0.6940709533885737 1 1 1 1 1 1
1823 16407 -0.9895566154897747 -0.11134888236079059 0.0872509310658856 0.9999640331769852 1 1 1 1 1 1
1671 15039 -0.5626889177305058 -0.06533723199712807 0.12865481832680628 0.4834490487938422 1 1 1 1 1 1
151 1359 -0.9851346658156581 -0.023901771293682594 0.016526809751376926 0.4020829453136174 1 1 1 1 1 1
351 3159 -0.13408906189529096 -0.0017482147012794383 0.005002530201915706 0.07986959042264588 1 1 1 1 1 1
552 4968 -0.828522716757524 -0.007787615831756136 0.006179853787164738 0.9332795442909947 1 1 1 1 1 1
144 1296 -0.3483675231297172 -0.04417938176113199 0.032993049416771766 0.3076715766037598 1 1 1 1 1 1
277 2493 -0.9115226061988796 -0.019151290978547522 0.0035963283602692612 0.7158701583439554 1 1 1 1 1 1
899 8091 -0.9757728670605627 -0.039059115460270535 0.07007401848374957 0.2139592383539578 1 1 1 1 1 1
814 7326 -0.9999792138995414 -0.03125233683675814 0.025695486495347936 0.9537501505737703 1 1 1 1 1 1
4 36 -0.2931281587254391 -0.02071129717813973 0.010134443023697901 0.17555303034781905 1 1 1 1 1 1
22 198 -0.36019734243949453 -0.01395990800831859 0.027977594208943267 0.4937895848283316 1 1 1 1 1 1
273 2457 -0.9747702684098771 -0.008663564196382766 0.03839917092066726 0.2627408399293854 1 1 1 1 1 1
773 6957 -0.4459913688150442 -0.018502157022800947 0.0012925329265743883 0.999999993351477 1 1 1 1 1 1
778 7002 -0.9999997272353207 -0.0027398016822146954 0.171383337275752 0.5771865265960009 1 1 1 1 1 1
1144 10296 -0.9999998892620298 -0.03957515961863815 0.07662729859280895 0.21382456859492044 1 1 1 1 1 1
456 4104 -0.9225704013920984 -0.13137558276766095 0.10605938652111314 0.8628758762967793 1 1 1 1 1 1
569 5121 -0.1172861754947581 -0.016270535906853012 0.1027689071968407 0.9999876088539547 1 1 1 1 1 1
463 4167 -0.2729757432472248 -0.00769117191625043 0.00858994333242933 0.9999844850428408 1 1 1 1 1 1
25 225 -0.4960732324274548 -0.01579049674964016 0.028286423743637677 0.3621744061935442 1 1 1 1 1 1
1672 15048 -0.5098127587308304 -0.07230195185599772 0.0859070886422241 0.5441227878175489 1 1 1 1 1 1
145 1305 -0.3437902635387154 -0.057120560921072774 0.029102949931774653 0.34312852226064555 1 1 1 1 1 1
553 4977 -0.8437588031279295 -0.0007692985849645324 0.0007065684968560086 0.9449546749084108 1 1 1 1 1 1
352 3168 -0.12329946862301466 -0.004785876551049263 0.012157178457828072 0.19145042860540207 1 1 1 1 1 1
98 882 -0.9489275287834732 -0.03753732979140944 0.030505613069825594 0.6041061576650303 1 1 1 1 1 1
112 1008 -0.4383907838706335 -0.09479940432188 0.00766458529973925 0.7029822264273559 1 1 1 1 1 1
725 6525 -0.9968639399649809 -0.021174277023677367 0.06140526746665923 0.868226196017868 1 1 1 1 1 1
152 1368 -0.9849363695829442 -0.0021282061915558997 0.029311244527188578 0.27368952389729484 1 1 1 1 1 1
900 8100 -0.9789950039222661 -0.009848305279901748 0.03716195037619628 0.19228148080430899 1 1 1 1 1 1
278 2502 -0.8932293184762019 -0.005947136467353753 0.015028939049692753 0.7219315223146141 1 1 1 1 1 1
1824 16416 -0.9894548907610656 -0.13225590472313523 0.1058033809520898 0.9999657741244489 1 1 1 1 1 1
815 7335 -0.9999817406263417 -0.04590788524336896 0.040828886080270695 0.9561014250351106 1 1 1 1 1 1
1156 10404 -0.7256179396868797 -0.07125157007634028 0.0037796287074064253 0.5224864683079241 1 1 1 1 1 1
23 207 -0.32666972361701124 -0.01042194267781672 0.036645154209508965 0.48347998322985436 1 1 1 1 1 1
274 2466 -0.9734988959775849 -0.020483950528874445 0.00013292474115450133 0.274327637847874 1 1 1 1 1 1
5 45 -0.28834959459840637 -0.012615848136954221 0.016496123427577048 0.22815361295345257 1 1 1 1 1 1
457 4113 -0.9359203567263938 -0.19735374295803335 0.11226790182040336 0.8734398224633954 1 1 1 1 1 1
1145 10305 -0.9999998928337718 -0.013038083721945233 0.09084452791004836 0.20066968265832305 1 1 1 1 1 1
774 6966 -0.343024696069454 -0.04177974087002843 0.0017152748110116813 0.9999999943722097 1 1 1 1 1 1
779 7011 -0.9999997261351873 -0.2109678904645684 0.0058938291856965 0.6103332538281182 1 1 1 1 1 1
464 4176 -0.27293020133220824 -0.10399182611518755 0.0323432836501633 0.999981173386508 1 1 1 1 1 1
1673 15057 -0.48884038251672185 -0.0356929475207031 0.016927853783862218 0.5626137743275447 1 1 1 1 1 1
554 4986 -0.868552610015688 -0.01738365375102704 0.01218317252101774 0.9477260769254093 1 1 1 1 1 1
113 1017 -0.511315537163582 -0.05007869180904221 0.018220212103147178 0.6706039575596277 1 1 1 1 1 1
26 234 -0.4970069691072149 -0.017481549568061343 0.07099720068183651 0.37128145406084107 1 1 1 1 1 1
99 891 -0.9572101410123474 -0.06935176208075541 0.023392573560244344 0.5269851998437672 1 1 1 1 1 1
726 6534 -0.9973276892505143 -0.02701693141270746 0.03315824617077496 0.8783352039594884 1 1 1 1 1 1
353 3177 -0.12336525242692549 -0.00601030282625703 0.04577239334202513 0.10085068001837143 1 1 1 1 1 1
279 2511 -0.8734076635479989 -0.06240673951663628 0.017940866856247337 0.7238373375201868 1 1 1 1 1 1
1825 16425 -0.9908436390975801 -0.14794254463351011 0.11170425946565513 0.9999668072947074 1 1 1 1 1 1
146 1314 -0.376131844187053 -0.02216738496918909 0.029085084033446704 0.3207094407170228 1 1 1 1 1 1
1157 10413 -0.6888728460433524 -0.059620445810483376 0.0014129452416690178 0.5234213273615301 1 1 1 1 1 1
570 5130 -0.10837383544411192 -0.03586528826676416 0.10800827532199057 0.9999892028327864 1 1 1 1 1 1
901 8109 -0.9790689666368046 -0.061767466831448375 0.012849468660253306 0.21404509361147303 1 1 1 1 1 1
458 4122 -0.9339256097638375 -0.15238862488829075 0.11361652914820826 0.8722558421815086 1 1 1 1 1 1
153 1377 -0.9849887536174535 -0.0009713751049686718 0.05305974717388764 0.2733912447958361 1 1 1 1 1 1
816 7344 -0.9999836558313482 -0.01212717360412966 0.007564007748986816 0.9573834015809819 1 1 1 1 1 1
24 216 -0.2872272378504357 -0.00617457024736927 0.00361823876568709 0.4804159142468743 1 1 1 1 1 1
6 54 -0.33602722327530476 -0.00666698899667127 0.008427184789359762 0.2752669971809794 1 1 1 1 1 1
1146 10314 -0.9999998930630641 -0.06488424308967113 0.06989033495076076 0.21668142781124122 1 1 1 1 1 1
275 2475 -0.9776583896041864 -0.005155922901537251 0.07584499844074712 0.3345747153456301 1 1 1 1 1 1
465 4185 -0.23905708502084916 -0.0916456826143771 0.007398104542661204 0.9999825195395311 1 1 1 1 1 1
780 7020 -0.9999997120462303 -0.0169507449170427 0.26775507486061667 0.5749139952173294 1 1 1 1 1 1
555 4995 -0.8879140708717266 -0.004608599467781433 0.017499923090084107 0.9526433796610861 1 1 1 1 1 1
727 6543 -0.9972895617120517 -0.05937660727538194 0.0713204744989403 0.8820756046721018 1 1 1 1 1 1
1674 15066 -0.4922486127331786 -0.10453572917007546 0.022804120704223538 0.5892365147748748 1 1 1 1 1 1
354 3186 -0.13347621817086236 -0.003182322518541907 0.03720868282201647 0.10807957730739085 1 1 1 1 1 1
280 2520 -0.8575662260653618 -0.009873530054970645 0.004230052071396973 0.6889791423577961 1 1 1 1 1 1
775 6975 -0.3357165138273244 -0.01970474102531655 0.047038068217563546 0.9999999952987705 1 1 1 1 1 1
27 243 -0.49597684540576814 -0.014008771332894403 0.09874165148569054 0.4507200181856351 1 1 1 1 1 1
1158 10422 -0.6856943916280375 -0.00864446613629015 0.05618961335102644 0.5659728819513595 1 1 1 1 1 1
100 900 -0.9599166135018143 -0.12341512309606842 0.048027393783040384 0.5348710704376936 1 1 1 1 1 1
902 8118 -0.9797550435425267 -0.00886811241935582 0.05035236859549008 0.23350034138660858 1 1 1 1 1 1
114 1026 -0.5190714209005094 -0.04859552166467505 0.009279956167968203 0.6589187462095055 1 1 1 1 1 1
1826 16434 -0.9927820349990547 -0.1497358332909645 0.09795691872190197 0.9999712875794352 1 1 1 1 1 1
147 1323 -0.34962464498559054 -0.024146548631020677 0.0023635120464525258 0.2828685060839268 1 1 1 1 1 1
154 1386 -0.9872137654455916 -0.004789413203734426 0.07587922845909133 0.3113463533332679 1 1 1 1 1 1
7 63 -0.3106540451479101 -0.0067992368231240075 0.012155090332361448 0.30911366531210016 1 1 1 1 1 1
571 5139 -0.1416581018605527 -0.06361321054179357 0.002180416530322862 0.9999902499918113 1 1 1 1 1 1
459 4131 -0.935052621120643 -0.0645672401164035 0.08468825329557592 0.8636380131825634 1 1 1 1 1 1
817 7353 -0.9999867338836373 -0.1756383072610851 0.007636889155849065 0.9612710150540736 1 1 1 1 1 1
25 225 -0.24324267004221253 -0.05499408298118478 0.005014920365353243 0.4618182295324663 1 1 1 1 1 1
1147 10323 -0.999999894074214 -0.05722279545912398 0.05901534842064434 0.22142382998298885 1 1 1 1 1 1
781 7029 -0.9999997461251958 -0.007328433666327452 0.22364404427745926 0.6154405437443783 1 1 1 1 1 1
1675 15075 -0.45206515730479463 -0.040260794769216235 0.06937729019590433 0.5862670763756699 1 1 1 1 1 1
281 2529 -0.8484782023461573 -0.05857533060567775 0.015634350097525437 0.7077471172605392 1 1 1 1 1 1
466 4194 -0.3118312557475568 -0.026109378375395335 0.11572329968606122 0.9999817327017249 1 1 1 1 1 1
276 2484 -0.9778332010997914 -0.04602714791553637 0.05490209697247254 0.34062110788154554 1 1 1 1 1 1
355 3195 -0.17403825161753966 -0.026367979637820827 0.0005693028478495313 0.12677971486575035 1 1 1 1 1 1
728 6552 -0.9975765854638379 -0.1658017123646688 0.1819598865115891 0.8875348860882766 1 1 1 1 1 1
556 5004 -0.9002439771167637 -0.07463783613657238 0.025382391703882956 0.9577356282211053 1 1 1 1 1 1
28 252 -0.4762797173919717 -0.01651326924136568 0.015054110145467295 0.3682283670799615 1 1 1 1 1 1
776 6984 -0.3851609572447978 -0.07328560562751649 0.012704279250935587 0.9999999959089644 1 1 1 1 1 1
903 8127 -0.9774141950246331 -0.021469008169778075 0.005643105767809063 0.2107872629327813 1 1 1 1 1 1
101 909 -0.95477461748838 -0.07844993479925821 0.033901427725514896 0.5760213856771569 1 1 1 1 1 1
460 4140 -0.93151681788953 -0.05874059188787691 0.12326648527694864 0.8771819379036465 1 1 1 1 1 1
1827 16443 -0.9931390181585235 -0.1576250800920205 0.07254614793198287 0.9999730967707925 1 1 1 1 1 1
155 1395 -0.9849915058831824 -0.033878213382121145 0.02065205690369799 0.34449332070856065 1 1 1 1 1 1
115 1035 -0.4774821271170745 -0.054741442468211346 0.05638334880061775 0.6268512953382983 1 1 1 1 1 1
1676 15084 -0.4584026013595156 -0.04987832954577026 0.04905786059299965 0.5959085052039148 1 1 1 1 1 1
8 72 -0.31348483657335274 -0.0053787751217104045 0.06789666145024073 0.39097965679974733 1 1 1 1 1 1
148 1332 -0.3236715554746681 -0.022244762303390016 0.015228351468100821 0.20631330875873274 1 1 1 1 1 1
1159 10431 -0.6747235489552497 -0.0439088204318471 0.06242350508685498 0.6129255436867974 1 1 1 1 1 1
818 7362 -0.9999869412908561 -0.2294052378661282 0.06975251639512722 0.9587411891428591 1 1 1 1 1 1
26 234 -0.21999138646187846 -0.08144737790153128 0.019186729958281565 0.46016819774745477 1 1 1 1 1 1
282 2538 -0.8397067639298448 -0.05151064467970609 0.016128221297847144 0.7317451848263065 1 1 1 1 1 1
572 5148 -0.13056455353878105 -0.00429002645738751 0.21429828887164865 0.9999903806574922 1 1 1 1 1 1
782 7038 -0.9999997631450604 -0.29040948071213546 0.002852657244983272 0.6487153569213885 1 1 1 1 1 1
557 5013 -0.9156122366088251 -0.09951137773305223 0.018415763518879625 0.965091451506844 1 1 1 1 1 1
29 261 -0.5222302396256165 -0.009773092314858367 0.09513545782216486 0.39240824236603133 1 1 1 1 1 1
1148 10332 -0.9999999158740088 -0.0260324659220517 0.04896513646312058 0.23217828776311888 1 1 1 1 1 1
277 2493 -0.9732529090335829 -0.014670743552215617 0.0258309492564327 0.28257090427050036 1 1 1 1 1 1
467 4203 -0.2713241557640423 -0.008423470043801465 0.2295192198112961 0.9999809252554935 1 1 1 1 1 1
102 918 -0.9542308382057193 -0.07491664398195388 0.00580396657012321 0.5610765777706821 1 1 1 1 1 1
1677 15093 -0.4705661101122413 -0.08453968810957307 0.0698893281634301 0.6492302426010934 1 1 1 1 1 1
904 8136 -0.9738492686866753 -0.04576329100733617 0.01365533033585778 0.2564402646778663 1 1 1 1 1 1
116 1044 -0.4986287281743198 -0.05636074241859426 0.055984920817254945 0.6401651663631186 1 1 1 1 1 1
729 6561 -0.9976294477687093 -0.13715650437212018 0.2583969404291273 0.8938371339708219 1 1 1 1 1 1
9 81 -0.3543847206439558 -0.004418768550105187 0.03977255250616149 0.3363648533589142 1 1 1 1 1 1
156 1404 -0.9864977064633359 -0.025193149289564374 0.0021248157723100848 0.41585436091049277 1 1 1 1 1 1
777 6993 -0.3736058057429933 -0.002667403912901668 0.006867502844583699 0.9999999963668115 1 1 1 1 1 1
149 1341 -0.29834549071548117 -0.014408506446874149 0.00024518942344002945 0.13711608036930611 1 1 1 1 1 1
27 243 -0.23164461215597848 -0.013772432546700455 0.022480497317111568 0.45726409560940523 1 1 1 1 1 1
819 7371 -0.9999868463143032 -0.11686233828695362 0.11332014816392212 0.9493267046212825 1 1 1 1 1 1
1828 16452 -0.9929152337459094 -0.14121137794798405 0.062228484185366424 0.9999737995761289 1 1 1 1 1 1
573 5157 -0.15687967920108276 -0.02591002488256549 0.19422066857099834 0.999991374673378 1 1 1 1 1 1
461 4149 -0.9347064893449094 -0.25593764509545175 0.010601472670295785 0.8954682704169675 1 1 1 1 1 1
1160 10440 -0.6703601951089643 -0.015075903096651593 0.06556549572721271 0.6371314130840128 1 1 1 1 1 1
283 2547 -0.8261794108981091 -0.006323431266193353 0.030528756520280524 0.7179096275664598 1 1 1 1 1 1
783 7047 -0.9999997731041738 -0.28678728986474217 0.008048475206668283 0.593831924099828 1 1 1 1 1 1
30 270 -0.5017214814426425 -0.015476613274980223 0.14758485506308366 0.40729918404050935 1 1 1 1 1 1
558 5022 -0.9178512409934785 -0.12123049995424462 0.03219445820054544 0.9628540465063746 1 1 1 1 1 1
278 2502 -0.9766968559855096 -0.023759144980783624 0.0607505725364828 0.3108703076075469 1 1 1 1 1 1
103 927 -0.9593149242331315 -0.05756859089475061 0.028932697779598712 0.5227378651453952 1 1 1 1 1 1
1678 15102 -0.4551014567607556 -0.1271462966191756 0.04117503906724343 0.6416084285285173 1 1 1 1 1 1
1149 10341 -0.9999999172993519 -0.04797699955560989 0.0590895424315228 0.1776728127245671 1 1 1 1 1 1
468 4212 -0.27191280824065067 -0.05568715087135039 0.039306238484451264 0.9999810077334124 1 1 1 1 1 1
905 8145 -0.9764223600706028 -0.006903459403700094 0.0010962262819733982 0.2607810556155818 1 1 1 1 1 1
117 1053 -0.5561738875127848 -0.08696787732632034 0.00037428054354299143 0.6474599073288158 1 1 1 1 1 1
730 6570 -0.9969736465220175 -0.12397576438689338 0.19954783730245318 0.8706403647694598 1 1 1 1 1 1
10 90 -0.3346188156554029 -0.02864092314639568 0.014341585285125625 0.29277607935430733 1 1 1 1 1 1
28 252 -0.22205768731357692 -0.09380117782444877 0.006623056737368049 0.3580205196732898 1 1 1 1 1 1
1829 16461 -0.9941859672318961 -0.1296211493877488 0.06907497659125282 0.9999758054261134 1 1 1 1 1 1
820 7380 -0.9999871633076458 -0.06524322457269982 0.06205630961509693 0.93463805772209 1 1 1 1 1 1
157 1413 -0.9886527951752366 -0.07699380357827058 0.004883410870609649 0.317352713325701 1 1 1 1 1 1
150 1350 -0.34646370488877026 -0.0025297066331217656 0.02175780474134531 0.13685730326194218 1 1 1 1 1 1
284 2556 -0.8768550982793959 -0.048097318647167146 0.06666166466931023 0.7269423095504074 1 1 1 1 1 1
462 4158 -0.9355094769535128 -0.26626325621824004 0.04319227346497931 0.8951418853553387 1 1 1 1 1 1
574 5166 -0.18339516936495603 -0.04754330405356015 0.02192183713093454 0.9999915843457692 1 1 1 1 1 1
778 7002 -0.3783472904082069 -0.02535544275866017 0.0388554487425846 0.9999999956891851 1 1 1 1 1 1
1161 10449 -0.7205804155512702 -0.008433010296538111 0.13887181444479826 0.6313453004917007 1 1 1 1 1 1
31 279 -0.5042652119715842 -0.05149260760118965 0.05184365948120617 0.40461845833378435 1 1 1 1 1 1
559 5031 -0.9199349019441532 -0.11322519816749717 0.025109557038023277 0.9648719253836644 1 1 1 1 1 1
279 2511 -0.9790230683560575 -0.06754652126184481 0.11282442349114047 0.3312381487523714 1 1 1 1 1 1
469 4221 -0.2620561724597598 -0.022576611928318592 0.14961396273169708 0.9999800718476368 1 1 1 1 1 1
906 8154 -0.9790915834781647 -0.040889866842820345 0.014976373753328468 0.24776275531190436 1 1 1 1 1 1
784 7056 -0.9999997644343849 -0.1888131204782419 0.008798143965623253 0.5025092301573486 1 1 1 1 1 1
104 936 -0.9560158377732175 -0.09117928815266185 0.05786641856147621 0.5916599019919657 1 1 1 1 1 1
11 99 -0.38176461909399884 -0.04793697018305581 0.015532737839235986 0.25452733548716355 1 1 1 1 1 1
1830 16470 -0.9939634703358431 -0.14545774543133447 0.06284661124029697 0.9999758337209148 1 1 1 1 1 1
29 261 -0.3209408490258773 -0.01653854735903745 0.11911630962088039 0.4018175867212588 1 1 1 1 1 1
1679 15111 -0.432952725142131 -0.09189649165521227 0.030500212855392103 0.6442358745707699 1 1 1 1 1 1
731 6579 -0.9956634516037931 -0.06404152075043971 0.03850732677168466 0.8282223859168202 1 1 1 1 1 1
821 7389 -0.9999868760603378 -0.09509773833746858 0.09181768397963663 0.9331344039963914 1 1 1 1 1 1
118 1062 -0.5450462839240094 -0.005342165540933465 0.31110808951837565 0.6617948757074726 1 1 1 1 1 1
1150 10350 -0.9999999152139436 -0.05615558748118939 0.0560822020977696 0.29466180237497464 1 1 1 1 1 1
158 1422 -0.989125154349083 -0.0696811018324675 0.015774681852091216 0.297260725446205 1 1 1 1 1 1
285 2565 -0.8715240756188297 -0.0731475768224889 0.09306065619300452 0.7624672586512196 1 1 1 1 1 1
151 1359 -0.3060225086272915 -0.009549569364213941 0.030184175912800256 0.1401913792675372 1 1 1 1 1 1
463 4167 -0.9457653817067919 -0.2846472076415097 0.030429008132562597 0.8932504537264044 1 1 1 1 1 1
575 5175 -0.1444680875227061 -0.03638422417367785 0.042249302859590006 0.9999917785961286 1 1 1 1 1 1
1162 10458 -0.7230245891593573 -0.02944646508397763 0.032712486210847144 0.6451925700453184 1 1 1 1 1 1
779 7011 -0.3566127411423376 -0.0278149580115472 0.13421177230020376 0.9999999955877761 1 1 1 1 1 1
560 5040 -0.9018936174632394 -0.12843313677163407 0.07273639454715577 0.9643406688569683 1 1 1 1 1 1
32 288 -0.5843603894207461 -0.0968605575282069 0.01867353555106806 0.4096076323728601 1 1 1 1 1 1
280 2520 -0.9812546092132196 -0.04724443763503693 0.11312061915069582 0.34741360776969016 1 1 1 1 1 1
105 945 -0.9558783129845536 -0.09124276988967904 0.03313305894125377 0.6091918155548611 1 1 1 1 1 1
907 8163 -0.9780561889020873 -0.02601348556361712 0.07032242031371094 0.2345175111949045 1 1 1 1 1 1
12 108 -0.35096435282313154 -0.017171133053177936 0.02010119160463482 0.23186221859548337 1 1 1 1 1 1
30 270 -0.4087419816438573 -0.07295260722791673 0.10242265197457395 0.4195455479480758 1 1 1 1 1 1
1680 15120 -0.41799854466007963 -0.1032614394645673 0.07230177068706276 0.6510153141987639 1 1 1 1 1 1
470 4230 -0.30586702896695506 -0.03987472271256077 0.03569569085904839 0.9999794171178721 1 1 1 1 1 1
1831 16479 -0.994367512414675 -0.1562655999488511 0.047081769400626514 0.9999774685609053 1 1 1 1 1 1
732 6588 -0.9960527522906016 -0.14522516227448767 0.0493205394403934 0.8268818531152292 1 1 1 1 1 1
822 7398 -0.9999883536637586 -0.08178031763669873 0.06932130968559919 0.9410611724594818 1 1 1 1 1 1
785 7065 -0.9999997886545114 -0.14284366164785287 0.006656366285675816 0.48794159958471284 1 1 1 1 1 1
1151 10359 -0.999999916531255 -0.007329409048847094 0.007291026888394533 0.2996339407385271 1 1 1 1 1 1
159 1431 -0.9917659739441694 -0.07875543082371504 0.020023856716988753 0.22564012468209477 1 1 1 1 1 1
286 2574 -0.8835678921951164 -0.07640261800361199 0.10995775030498611 0.7649203833116807 1 1 1 1 1 1
119 1071 -0.6150105629473372 -0.017550645667766537 0.005355179072428783 0.6101536851591782 1 1 1 1 1 1
561 5049 -0.9205365642702775 -0.11023106678782257 0.08340801432286167 0.9712362135529159 1 1 1 1 1 1
152 1368 -0.3409630768710056 -0.0034535685308089412 0.01248479915114205 0.2124649187465455 1 1 1 1 1 1
464 4176 -0.9466776546042297 -0.3191605535491127 0.06442402679756151 0.894282429435556 1 1 1 1 1 1
1163 10467 -0.6790663057291858 -0.0037885628146000637 0.09121367198996953 0.6836248944023561 1 1 1 1 1 1
576 5184 -0.1514764684795568 -0.06140480478004818 0.026878043278984808 0.9999926159913433 1 1 1 1 1 1
13 117 -0.40997442508587606 -0.004889306355427801 0.024964997938346112 0.2482980660677918 1 1 1 1 1 1
106 954 -0.9576200282135379 -0.02885279304929431 0.025938100313186822 0.6085164257507681 1 1 1 1 1 1
31 279 -0.4687194256191112 -0.2626904165246815 0.03174104700952796 0.4388310049868097 1 1 1 1 1 1
33 297 -0.6058781185703004 -0.027351250327360646 0.09105566976720819 0.4609308521925211 1 1 1 1 1 1
780 7020 -0.30612006923027385 -0.06833743709694126 0.0843376983070747 0.9999999960287345 1 1 1 1 1 1
281 2529 -0.9838867944566639 -0.018872195281948986 0.11560442060604895 0.32422231399123047 1 1 1 1 1 1
908 8172 -0.9800161975142485 -0.022880153257817292 0.057090546914824465 0.212987685321749 1 1 1 1 1 1
1832 16488 -0.9945190294814965 -0.16008669797856734 0.12322395118978237 0.9999799107589572 1 1 1 1 1 1
1681 15129 -0.4869537534709696 -0.11674966839325823 0.0712455228036967 0.6170424202256954 1 1 1 1 1 1
733 6597 -0.9962776624021679 -0.11787969141923199 0.061855068918618326 0.8187359002442745 1 1 1 1 1 1
823 7407 -0.9999867389220977 -0.05989184719781867 0.05437735749991129 0.9251458464258258 1 1 1 1 1 1
471 4239 -0.27642969899609965 -0.03609894661983669 0.00988444261444804 0.9999780369049683 1 1 1 1 1 1
287 2583 -0.8832296576106545 -0.06875389928983354 0.10997432325003671 0.7362224930899671 1 1 1 1 1 1
786 7074 -0.9999998082136856 -0.010258236396045176 0.13661068392468895 0.49572552257436275 1 1 1 1 1 1
1152 10368 -0.9999999232597833 -0.03135758071337512 0.03132715837796526 0.2814975045112543 1 1 1 1 1 1
562 5058 -0.9296311310076848 -0.03599963855017887 0.0025765014793686144 0.9705597494064904 1 1 1 1 1 1
160 1440 -0.9916167677747022 -0.089213887146149 0.007608006292912087 0.27161926877790893 1 1 1 1 1 1
465 4185 -0.9503876182174723 -0.2966618504717858 0.009105293811171257 0.8977935813104161 1 1 1 1 1 1
120 1080 -0.5996457122507463 -0.020897989813444567 0.012960299649102704 0.630249131153597 1 1 1 1 1 1
153 1377 -0.2593901655375411 -0.006876125072042365 0.08872862357385415 0.20109626221415638 1 1 1 1 1 1
34 306 -0.655484875411682 -0.09274159715888114 0.029562755418635976 0.4523412336580573 1 1 1 1 1 1
107 963 -0.9633298458469969 -0.015398231619179664 0.1526529452070844 0.5519615771397848 1 1 1 1 1 1
32 288 -0.5094947238508651 -0.24951699593901747 0.0485770309348546 0.42673489307717305 1 1 1 1 1 1
14 126 -0.41710081614925987 -0.005238042884441982 0.013614860280475856 0.24701176249866336 1 1 1 1 1 1
1164 10476 -0.6692144815559571 -0.14537938343956283 0.008879733665320102 0.707318338109471 1 1 1 1 1 1
282 2538 -0.9850460964752127 -0.07249651775783016 0.02346196389757004 0.2852214758632482 1 1 1 1 1 1
781 7029 -0.31791092477819405 -0.10915928282652557 0.07824687720431242 0.999999996560227 1 1 1 1 1 1
909 8181 -0.9807553298762182 -0.07429002059476209 0.14977501231882315 0.22249344484003716 1 1 1 1 1 1
1682 15138 -0.5082613035600849 -0.07994667019412079 0.031550786748486194 0.7026549615359978 1 1 1 1 1 1
577 5193 -0.14856885004565537 -0.060821286065327475 0.006607238496957277 0.9999934664625195 1 1 1 1 1 1
1833 16497 -0.9944069125047766 -0.13508187958659731 0.1011966619209505 0.9999803422052765 1 1 1 1 1 1
563 5067 -0.9401329934272504 -0.004118944787965654 0.14801106644138667 0.9747686017934286 1 1 1 1 1 1
734 6606 -0.9965099962812208 -0.08946223018555072 0.11271099389743908 0.7981710371385914 1 1 1 1 1 1
288 2592 -0.8720638212202391 -0.06585351506032573 0.13994321596229733 0.6631852728558201 1 1 1 1 1 1
1153 10377 -0.9999999214990009 -0.011039768716337132 0.011087072025376222 0.2849899140127683 1 1 1 1 1 1
472 4248 -0.31274736048726615 -0.12574697096541448 0.026300495244409704 0.9999740066260939 1 1 1 1 1 1
824 7416 -0.9999880803689235 -0.00020222441048756596 0.005109332944822361 0.9302820641319105 1 1 1 1 1 1
787 7083 -0.9999998270044476 -0.007081063732734881 0.08348766453317868 0.5210919889297371 1 1 1 1 1 1
161 1449 -0.9910017033666225 -0.008896986745735788 0.0072909102086766596 0.33160655610612316 1 1 1 1 1 1
35 315 -0.6514729702563808 -0.06851288843081065 0.06725957535620726 0.43652210041255646 1 1 1 1 1 1
121 1089 -0.5804186435561333 -0.018062772984269157 0.017681407304542207 0.6030171666802335 1 1 1 1 1 1
33 297 -0.45930689929096846 -0.2318260221458598 0.014339671526368919 0.40365186762387484 1 1 1 1 1 1
466 4194 -0.9546686558904875 -0.30146424425501067 0.08419121312763228 0.8996322121926104 1 1 1 1 1 1
108 972 -0.9680338973811282 -0.05312755832788013 0.021298330249376034 0.4908147443810468 1 1 1 1 1 1
154 1386 -0.30365962928560314 -0.059927941324381014 0.005269209394727 0.20813428991969848 1 1 1 1 1 1
1683 15147 -0.5651858523882429 -0.06994836911536802 0.009034768752067417 0.7071345351857238 1 1 1 1 1 1
15 135 -0.5069022809017484 -0.01883268336404887 0.09655373281945946 0.35726478756665386 1 1 1 1 1 1
1165 10485 -0.6765668380887975 -0.01658414967246908 0.0011154385626035007 0.7264142065970318 1 1 1 1 1 1
283 2547 -0.9887107482785672 -0.04432109107716249 0.013382730387672825 0.32984464116080364 1 1 1 1 1 1
564 5076 -0.9470956272147568 -0.03774550556311762 0.031235201164265997 0.9781254326932968 1 1 1 1 1 1
735 6615 -0.9971147340889794 -0.13508107626611282 0.20245898896925338 0.8239393983239326 1 1 1 1 1 1
1834 16506 -0.9949856654185866 -0.10198207140446307 0.07213913520130726 0.9999848998537034 1 1 1 1 1 1
289 2601 -0.8478296185721409 -0.0031369226098394397 0.13095422897921885 0.5966927787930134 1 1 1 1 1 1
782 7038 -0.29766856118878654 -0.09170124217176642 0.0449662818944827 0.9999999970632929 1 1 1 1 1 1
578 5202 -0.14547631811262926 -0.005765418109253999 0.010145942849581507 0.999993019985463 1 1 1 1 1 1
910 8190 -0.9796840662381731 -0.07344295847129775 0.1353708388458176 0.2755803575074195 1 1 1 1 1 1
1154 10386 -0.9999999233976491 -0.019719251653387154 0.01978619056685587 0.323431910377729 1 1 1 1 1 1
473 4257 -0.2974530695074097 -0.06220287466716422 0.055173864383637215 0.9999750801066692 1 1 1 1 1 1
36 324 -0.6140657799990001 -0.04999293320004359 0.14420487083972705 0.4263840668031424 1 1 1 1 1 1
788 7092 -0.9999998049145049 -0.07037770596506447 0.012951075071344544 0.5386852430916966 1 1 1 1 1 1
825 7425 -0.9999850057429917 -0.01720573673490979 0.03462267695437596 0.903701386927511 1 1 1 1 1 1
122 1098 -0.6489266663982971 -0.01727383672940621 0.008605055868769501 0.5841184638759215 1 1 1 1 1 1
34 306 -0.43371320529987356 -0.1350815389345323 0.012719503791302631 0.3642477179289694 1 1 1 1 1 1
109 981 -0.9714934600402748 -0.009553309488549613 0.16011019578994773 0.49259489493920366 1 1 1 1 1 1
467 4203 -0.9494862894872051 -0.27733672962142225 0.0434229603047367 0.8918875745503079 1 1 1 1 1 1
162 1458 -0.9912792955632471 -0.029540787582811697 0.02397594858045147 0.3974681591660875 1 1 1 1 1 1
1684 15156 -0.6234175381383371 -0.05361018721613392 0.06756497161661718 0.726625085075096 1 1 1 1 1 1
565 5085 -0.9524494344920036 -0.030124640973160477 0.025977610242345673 0.9822667506779162 1 1 1 1 1 1
1835 16515 -0.9959615968542855 -0.12323725519583577 0.103836574186088 0.9999865296553728 1 1 1 1 1 1
736 6624 -0.9965858145748552 -0.23995189109268444 0.16311253178771312 0.7823686266056117 1 1 1 1 1 1
16 144 -0.47730211808508005 -0.02669849028405224 0.13767780720077671 0.36326666134444807 1 1 1 1 1 1
155 1395 -0.25363990198851766 -0.005407980227151334 0.01254733380664989 0.2366388570656835 1 1 1 1 1 1
911 8199 -0.9771786383295831 -0.01919856553526888 0.16874415653815422 0.21255345218181462 1 1 1 1 1 1
290 2610 -0.8611750006137064 -0.002656970275161632 0.1291496725438884 0.6286049152838671 1 1 1 1 1 1
37 333 -0.6149982281572199 -0.08405820761408948 0.005084722286187415 0.42845395384126705 1 1 1 1 1 1
783 7047 -0.2776337628766865 -0.08103106560637416 0.02323413792485615 0.9999999971216426 1 1 1 1 1 1
284 2556 -0.9898986570296097 -0.1419707154040887 0.00925970712428691 0.34153134958753517 1 1 1 1 1 1
1166 10494 -0.6795599620985883 -0.025472952437561164 0.02581034501085589 0.7494378203164302 1 1 1 1 1 1
1155 10395 -0.999999931457959 -0.0038119272256059568 0.0038883861637797157 0.4309925817525478 1 1 1 1 1 1
579 5211 -0.17251155202266355 -0.040416235457879444 0.11906767551182039 0.9999929074743439 1 1 1 1 1 1
826 7434 -0.9999904594481318 -0.031561784659896716 0.03625442669612948 0.9101334034681497 1 1 1 1 1 1
110 990 -0.9719531408757108 -0.01048079318190472 0.16109383757889392 0.45599451674644853 1 1 1 1 1 1
123 1107 -0.6562150258607278 -0.03442433624332887 0.014522570538586983 0.6244656226179754 1 1 1 1 1 1
474 4266 -0.28737778032756356 -0.013265400323106195 0.021276388354247465 0.9999742006731406 1 1 1 1 1 1
789 7101 -0.9999997842837413 -0.037670978307476614 0.01543309504548339 0.4269821547883622 1 1 1 1 1 1
35 315 -0.487409828254073 -0.09185918228111686 0.03703241200346214 0.34580778443429633 1 1 1 1 1 1
468 4212 -0.9541250069790864 -0.02690260061230818 0.06924399618666945 0.8960177463523066 1 1 1 1 1 1
566 5094 -0.9518342985613025 -0.022553547360293604 0.01170563825434599 0.9829233358236017 1 1 1 1 1 1
1836 16524 -0.9963475613510048 -0.10564079591613847 0.08971576069541677 0.9999866456949462 1 1 1 1 1 1
1685 15165 -0.6731066249274166 -0.04547984296788041 0.03979344825771034 0.7431313786362901 1 1 1 1 1 1
17 153 -0.5268152840219598 -0.055105875092656034 0.00028593313223407795 0.3661744618414915 1 1 1 1 1 1
38 342 -0.6623307907197825 -0.09198979897452303 0.033399469120375405 0.4720707055316946 1 1 1 1 1 1
912 8208 -0.9763463219118087 -0.024091497421330568 0.0610822851447345 0.22020751197614583 1 1 1 1 1 1
737 6633 -0.9967258556664856 -0.258443186627854 0.15672826200503046 0.7692629312269388 1 1 1 1 1 1
163 1467 -0.9906798551424163 -0.061986604217588094 0.021924381099785464 0.40444235559250086 1 1 1 1 1 1
156 1404 -0.25019665651492295 -0.002374640869882182 0.0038529300068782133 0.23348003914221596 1 1 1 1 1 1
291 2619 -0.8445107067325794 -0.02481744397945061 0.020656226373849076 0.6160309214220555 1 1 1 1 1 1
1156 10404 -0.9999999342705147 -0.04220998861537245 0.042289280319842054 0.44676895536521144 1 1 1 1 1 1
580 5220 -0.27290738617929533 -0.07345878326034533 0.1154771326835464 0.9999924475664375 1 1 1 1 1 1
784 7056 -0.2769662468619438 -0.030523859033938037 0.10503540361781477 0.9999999976040468 1 1 1 1 1 1
827 7443 -0.999989393941552 -0.017191480814448858 0.01536127848136784 0.8896313378291665 1 1 1 1 1 1
1167 10503 -0.6850485386264079 -0.0002839489472387804 0.04455552343413413 0.752341743255247 1 1 1 1 1 1
285 2565 -0.9906394622695959 -0.0018735304155688953 0.0015462012361437169 0.34399119381545934 1 1 1 1 1 1
111 999 -0.9696518335812163 -0.02681392204561862 0.0021445916638947104 0.5176110217020145 1 1 1 1 1 1
36 324 -0.5306369567343121 -0.032089602576998257 0.013907244870954077 0.41569977877897 1 1 1 1 1 1
18 162 -0.6230748170457245 -0.1229650715760389 0.07053576589751473 0.423695664097817 1 1 1 1 1 1
1837 16533 -0.9961993312585584 -0.04515252419720542 0.031338352058026334 0.9999873821018501 1 1 1 1 1 1
469 4221 -0.9572679390082905 -0.046114147841013246 0.10824077715375205 0.9041271114136994 1 1 1 1 1 1
1686 15174 -0.6807898302158755 -0.12480693306442657 0.02884855332648377 0.7269198145905638 1 1 1 1 1 1
567 5103 -0.9580471912400991 -0.06965089940972079 0.01240753113428922 0.9871138606757578 1 1 1 1 1 1
124 1116 -0.6718909802697823 -0.03780807136950113 0.009430415858024942 0.6006845252088543 1 1 1 1 1 1
790 7110 -0.999999762862842 -0.0037467345287279263 0.02968971535501438 0.3288978001036688 1 1 1 1 1 1
738 6642 -0.9967002213351347 -0.22341916199843087 0.14376403712547267 0.7467476389431574 1 1 1 1 1 1
475 4275 -0.3050646029219348 -0.011145339266880284 0.08949342944268368 0.999967546040893 1 1 1 1 1 1
913 8217 -0.9736944959352648 -0.009986356520302898 0.08128615670991667 0.29073653358772394 1 1 1 1 1 1
39 351 -0.6709553692158096 -0.02108830034855873 0.0007899598964076546 0.4989104063816116 1 1 1 1 1 1
785 7065 -0.33910562707311165 -0.04198060322764302 0.053133489013840664 0.999999997679921 1 1 1 1 1 1
164 1476 -0.990485584845466 -0.003868571987516349 0.013579789557875541 0.41541539576703707 1 1 1 1 1 1
292 2628 -0.8537922326659608 -0.022013673419575448 0.009253870060106655 0.5912080903525019 1 1 1 1 1 1
581 5229 -0.2761766320656532 -0.006506939920774487 0.11826424129383893 0.9999919275101058 1 1 1 1 1 1
1157 10413 -0.9999999504746709 -0.120231101330195 0.12029386313526003 0.4673046489700525 1 1 1 1 1 1
828 7452 -0.999991650381953 -0.04008169251678441 0.030767837937959085 0.891869483887999 1 1 1 1 1 1
157 1413 -0.20880157405139416 -0.021317666863362183 0.012053807492737252 0.23573715973772058 1 1 1 1 1 1
568 5112 -0.9654162215475582 -0.0286488399442459 0.016066128105942407 0.98881050333469 1 1 1 1 1 1
1687 15183 -0.6635759016537253 -0.062096921812541346 0.014022699290592407 0.708283687785827 1 1 1 1 1 1
37 333 -0.5375739762915834 -0.06497737437720101 0.08826776147823528 0.4265243379827967 1 1 1 1 1 1
19 171 -0.6401425937819788 -0.02715308685178579 0.2421016320505521 0.418459143897385 1 1 1 1 1 1
1838 16542 -0.9967214374669883 -0.027783860641184006 0.013107621807972735 0.9999907081849974 1 1 1 1 1 1
1168 10512 -0.6258892230092515 -0.01113423950087279 0.04392457888622349 0.7166809841002778 1 1 1 1 1 1
470 4230 -0.9517686378023308 -0.11388343460115878 0.05784842243830389 0.8987885063375788 1 1 1 1 1 1
112 1008 -0.96588351428835 -0.022235441835756098 0.005000582075997277 0.5373498906939138 1 1 1 1 1 1
286 2574 -0.9908208358809427 -0.03576530174666849 0.012580132851305189 0.3661525053248352 1 1 1 1 1 1
125 1125 -0.7330874926058596 -0.04303098093070196 0.06961924280591225 0.5848252591602914 1 1 1 1 1 1
739 6651 -0.9968655136682174 -0.2501314046069522 0.15418781999133666 0.7281958818047393 1 1 1 1 1 1
791 7119 -0.9999997259268157 -0.010512084226879654 0.005957625879732561 0.3260128867431848 1 1 1 1 1 1
476 4284 -0.31681993415506765 -0.15754719619485846 0.019180992293753356 0.9999688651109155 1 1 1 1 1 1
914 8226 -0.9718459555648459 -0.014478087539009487 0.04566540869224716 0.25537791895894885 1 1 1 1 1 1
40 360 -0.6369328091490196 -0.09706439340993826 0.09132137259876683 0.4585524461225037 1 1 1 1 1 1
293 2637 -0.832493157294627 -0.014381001314555395 0.00044876612261392354 0.5552081902638979 1 1 1 1 1 1
165 1485 -0.9894671996081943 -0.0578521121276084 0.01596165672458364 0.4149046747480214 1 1 1 1 1 1
158 1422 -0.18624244273992105 -0.008068977728341763 0.00667454043819837 0.2280906647507742 1 1 1 1 1 1
1688 15192 -0.572128059636484 -0.001698569696831902 0.042200919036070136 0.7480010376299969 1 1 1 1 1 1
786 7074 -0.27712574905851434 -0.030564990312778983 0.05812659422919092 0.9999999974527058 1 1 1 1 1 1
582 5238 -0.31204494258043763 -0.008298238230046474 0.13752363711199336 0.9999935465132209 1 1 1 1 1 1
829 7461 -0.9999925508662411 -0.0368545826946417 0.035718914015587536 0.8891425001648683 1 1 1 1 1 1
1839 16551 -0.9970763898456948 -0.028437160494639627 0.011330208758613555 0.9999907316107473 1 1 1 1 1 1
20 180 -0.6866414316604761 -0.027243752403153604 0.2657989772173892 0.3665935420873585 1 1 1 1 1 1
1158 10422 -0.9999999578190045 -0.12080462773590565 0.1208502247384957 0.40604346738856273 1 1 1 1 1 1
1169 10521 -0.638307346375948 -0.00453093317937517 0.02862318293196824 0.6936491106471188 1 1 1 1 1 1
569 5121 -0.9665180980141165 -0.02405544014504084 0.01777339397171282 0.9904089649370797 1 1 1 1 1 1
471 4239 -0.9474938112707572 -0.11063130432147196 0.026793590294643628 0.8812281037240717 1 1 1 1 1 1
38 342 -0.5116085673062868 -0.06762947326386659 0.05219012482586831 0.41718044019445566 1 1 1 1 1 1
113 1017 -0.9585484751124193 -0.031378446965173896 0.1739502076568015 0.5404690662358932 1 1 1 1 1 1
287 2583 -0.9918232808621639 -0.00922960047671795 0.010605093827732129 0.3258984445059109 1 1 1 1 1 1
126 1134 -0.7772260746986982 -0.0612070635239879 0.01179795340102311 0.6096508508434592 1 1 1 1 1 1
740 6660 -0.9964176091729665 -0.2908753852936203 0.19476850565708012 0.7033224374309246 1 1 1 1 1 1
792 7128 -0.9999996852331052 -0.027783686518625315 0.05642817751487792 0.3302549875806232 1 1 1 1 1 1
915 8235 -0.9728904127587037 -0.04839120477858086 0.08218547907227902 0.2788391602215953 1 1 1 1 1 1
166 1494 -0.9880399052706843 -0.03709456657258322 0.006601554506709409 0.4204051007210808 1 1 1 1 1 1
294 2646 -0.8295524942315083 -0.0055038582255538485 0.030475861866474285 0.5420769696647041 1 1 1 1 1 1
41 369 -0.6286343626200108 -0.10098322180867773 0.03797374290447372 0.4929371807648982 1 1 1 1 1 1
477 4293 -0.32569559525223385 -0.016751696114754785 0.008224330450514714 0.9999722915401419 1 1 1 1 1 1
1689 15201 -0.5526357561576216 -0.010360770368097884 0.01499871959248195 0.761569583713039 1 1 1 1 1 1
583 5247 -0.3705559226487874 -0.05804884632106709 0.14650449861812417 0.9999938420414268 1 1 1 1 1 1
830 7470 -0.9999927100809901 -0.02383280395003666 0.05218584620126866 0.884451864887762 1 1 1 1 1 1
1840 16560 -0.9969310899172568 -0.027621051273270903 0.014561122334231348 0.9999891111426088 1 1 1 1 1 1
472 4248 -0.9535404379186728 -0.013174198108353987 0.1092278353635979 0.8799739697252226 1 1 1 1 1 1
21 189 -0.7380081695700407 -0.015516385197401155 0.20640624084208523 0.4110455705371782 1 1 1 1 1 1
570 5130 -0.9677767049716204 -0.000671824531340438 0.019467344890983136 0.9906868639928125 1 1 1 1 1 1
39 351 -0.5429454471116784 -0.02476764938111123 0.02067503201876731 0.4178362848074356 1 1 1 1 1 1
114 1026 -0.9623561044282322 -0.04725237326182443 0.028456539471573415 0.5733085214251098 1 1 1 1 1 1
1159 10431 -0.9999999588299511 -0.1356170824910422 0.13565811216221724 0.35037391424831715 1 1 1 1 1 1
916 8244 -0.9776008308716223 -0.03437726415724538 0.02932809077766556 0.357696716286521 1 1 1 1 1 1
741 6669 -0.9964208631161474 -0.27863789884883783 0.22745317395508105 0.7068863655631107 1 1 1 1 1 1
127 1143 -0.7551890540056588 -0.0360194410187804 0.0430471580941794 0.6769180579756389 1 1 1 1 1 1
787 7083 -0.28043355443551465 -0.11437671563192271 0.003069890223328937 0.999999996573553 1 1 1 1 1 1
1170 10530 -0.6767281969162536 -0.09412545445012482 0.010094357959371735 0.6798947644815347 1 1 1 1 1 1
793 7137 -0.9999996613222749 -0.015202442422606153 0.007906182057862152 0.37559984382672107 1 1 1 1 1 1
1690 15210 -0.5717571680523147 -0.04360302488744904 0.024624311500236872 0.7789962421380539 1 1 1 1 1 1
42 378 -0.6194281550918749 -0.048614410142575414 0.08795651419850059 0.5395560670473016 1 1 1 1 1 1
295 2655 -0.8475910709356806 -0.008279198867875735 0.010526358732703252 0.4925130193398567 1 1 1 1 1 1
167 1503 -0.9895385850971121 -0.005885682120533891 0.019812296153439678 0.43512175148999355 1 1 1 1 1 1
288 2592 -0.9908456648406347 -0.004960333199630466 0.03696853486977068 0.34079224452288354 1 1 1 1 1 1
22 198 -0.7417829575231932 -0.04757518166639306 0.1215800748807219 0.392599018156087 1 1 1 1 1 1
