% # columns="iteration, evaluation, sigma, axis ratio, bestever, best, median, worst objective function value, further objective values of best", seed=769577, Fri May 27 14:26:01 2022, <python>{}</python>
810 7290 11.107232339817669 21607.518563335147 -0.49809689119937045 -4.9809688596949736e-01 -0.49809685532935977 -0.49809681565146924   
548 4932 0.33938216402309196 3245.858332417986 -0.46442435425716877 -4.6442434959027346e-01 -0.4644243106070833 -0.4644242314647455   
721 6489 20.58851811227344 1517.501337214163 -0.5195022882222093 -5.1950204934902600e-01 -0.5195015682087666 -0.5195005226783065   
1266 11394 4.886774911433133 1.296732205086107 -0.46738931862402777 -4.6738931862397992e-01 -0.4673893186236172 -0.4673893186232695   
565 5085 0.8636391291895962 49265.87607599944 -0.5150200551791243 -5.1502005517912430e-01 -0.5150199477727007 -0.5150197197173413   
148 1332 0.015202690018406077 656.4964786620654 -0.48057819099834176 -4.8057819099834176e-01 -0.48057666497530027 -0.480573603617371   
1820 16380 1142468.5083614327 122636.52645524962 -0.4594192016218026 -4.5941920117304780e-01 -0.45941920063536734 -0.4594191990239748   
1668 15012 7314913.492419353 1089.433056538088 -0.3838055476753092 -3.8351438866168946e-01 -0.3835143881910454 -0.38351438760883844   
1152 10368 68.56209501907726 5.415190186557208 -0.4824935634723888 -4.8249356343689798e-01 -0.48249356337498667 -0.48249356318411235   
273 2457 0.002813466253890155 6908.478418938369 -0.49813746240316004 -4.9813745960011774e-01 -0.4981374557911252 -0.49813744262255794   
94 846 0.18687295924214373 76.78847476772222 -0.49486439981435976 -4.9457772353678625e-01 -0.49372981696949225 -0.4927413502670876   
141 1269 0.0003990290054078727 13.586639213993024 -0.4218817577966389 -4.2188175779634762e-01 -0.4218817577957918 -0.42188175779368814   
108 972 0.2742811419194519 37.09207641057204 -0.46521194948779765 -4.6521194948779765e-01 -0.46441486960689726 -0.4635679972039788   
21 189 0.0878056157329774 2.8789249076479293 -0.4582153043423002 -4.5816086547698726e-01 -0.4567391901869382 -0.4522478673765676   
1141 10269 400.8368525382911 45470.81215425325 -0.47527712206179573 -4.7527712078372436e-01 -0.4752771189819209 -0.47527711422421687   
19 171 0.38252294568486805 4.2100465386262975 -0.42731866275990565 -4.2731866275990565e-01 -0.42724776642637863 -0.42681499014544855   
348 3132 0.00013258541640003008 905065.5293841677 -0.5147060441315492 -5.1470604413154919e-01 -0.5147060441296208 -0.5147060441266302   
770 6930 0.35574318510503006 67638.40592342439 -0.514504330288805 -5.1450433024463149e-01 -0.5145043301837486 -0.5145043299432089   
270 2430 0.08318645859546438 1560.5880886854386 -0.536096864947644 -5.3609686494764397e-01 -0.5360917973127215 -0.5360787561569907   
460 4140 0.21078487183850114 4922.016293616739 -0.514512900390221 -5.1451290039022102e-01 -0.5145128491539525 -0.5145125838208748   
1 9 0.24181484771353162 1.0000416675347343 -0.4638886764910599 -4.6388867649105991e-01 -0.4232131761197543 -0.3821410335192101   
775 6975 3.9229462203839565 29880.219691461774 -0.49416534968491943 -4.9416534968491943e-01 -0.49416534582194466 -0.49416532735933294   
896 8064 92.05568928398445 535.9864878485081 -0.4134008125967218 -4.1340081259672179e-01 -0.4134008125218496 -0.4134008122465513   
453 4077 0.47411388508448393 2604.673226900894 -0.4603001613848509 -4.6029967190285481e-01 -0.46029804320646406 -0.4602959052770911   
549 4941 0.32961034144839485 3201.3495640567553 -0.4644243819077541 -4.6442438190775409e-01 -0.46442433031763536 -0.4644243033417429   
811 7299 10.3713345775033 21923.787410537432 -0.49809689119937045 -4.9809688832781701e-01 -0.49809686704657097 -0.4980968546661257   
22 198 0.09185721893289767 2.9679883201033315 -0.4582153043423002 -4.5804233722703319e-01 -0.4574786572327836 -0.4545495547379276   
274 2466 0.002487122295338754 6707.50736707555 -0.49813746240316004 -4.9813746158158989e-01 -0.49813745821357447 -0.49813744983450975   
149 1341 0.014307592011112326 652.6159250227146 -0.4805786131992794 -4.8057861319927941e-01 -0.4805771792712643 -0.4805744242141572   
95 855 0.18976824755687308 86.80144290265739 -0.49486439981435976 -4.9477150415463961e-01 -0.4944914166731196 -0.4918909690268145   
1267 11403 5.13596177678867 1.3884575428571355 -0.46738931862405547 -4.6738931862405547e-01 -0.4673893186235092 -0.4673893186221099   
109 981 0.2597783307402233 38.60274383466114 -0.46521194948779765 -4.6500741727798728e-01 -0.46451509101278365 -0.46351396680081614   
566 5094 0.9230976107563205 48357.37957439021 -0.5150200551791243 -5.1502004756044950e-01 -0.5150199323860982 -0.5150198208321114   
722 6498 16.94881814763346 1577.7511332583942 -0.5195022882222093 -5.1950216728191945e-01 -0.5195016711245298 -0.5195010208737858   
1821 16389 1201517.607408663 128561.6534691541 -0.4594192016218026 -4.5941920157011062e-01 -0.45941920139206444 -0.45941920060152713   
1669 15021 7019975.5294614965 1093.452542131406 -0.3838055476753092 -3.8351438880995348e-01 -0.3835143882304595 -0.3835143868328942   
1153 10377 72.63063187730508 5.87557651814674 -0.48249356355585 -4.8249356355584999e-01 -0.48249356342138994 -0.48249356309400504   
349 3141 0.00012967879219962918 894361.2003075705 -0.5147060441317141 -5.1470604413171406e-01 -0.5147060441305794 -0.5147060441278817   
142 1278 0.00034774087105989346 13.42224477956991 -0.4218817577966389 -4.2188175779663484e-01 -0.4218817577961091 -0.4218817577949558   
1142 10278 352.51555729174146 46454.53319771767 -0.47527712206179573 -4.7527712152469603e-01 -0.47527711938420825 -0.4752771184579159   
771 6939 0.3515937832045914 71745.48208334936 -0.514504330288805 -5.1450433023527620e-01 -0.5145043301772254 -0.5145043299581561   
2 18 0.25564691405172385 1.222131761824781 -0.4712663080032304 -4.7126630800323038e-01 -0.4285387658688097 -0.414485168686851   
897 8073 114.7945085935394 529.2559147950793 -0.4134008125967218 -4.1340081254756395e-01 -0.41340081144441576 -0.41340080862133743   
454 4086 0.46480886686597744 2383.5830407902154 -0.4603001613848509 -4.6029991279415022e-01 -0.46029932033830695 -0.46029693190934223   
20 180 0.4164230127181348 4.85716880251805 -0.4273465573388484 -4.2734655733884841e-01 -0.4272758625063015 -0.4266652260574725   
776 6984 3.8408196721277803 28115.801646716565 -0.49416535213586266 -4.9416535213586266e-01 -0.4941653438613264 -0.49416533558465947   
461 4149 0.20891883250822926 5117.252594718108 -0.514512900390221 -5.1451287758840192e-01 -0.5145128376762309 -0.5145126868271851   
550 4950 0.33540058953029156 3229.4497606496866 -0.4644243819077541 -4.6442436969528972e-01 -0.46442435601458326 -0.46442427928866054   
271 2439 0.08480034176855972 1463.3462770743413 -0.5360986368106925 -5.3609863681069247e-01 -0.5360933422914388 -0.536080541722303   
96 864 0.16629776523373938 90.44295752331065 -0.49491557303732464 -4.9491557303732464e-01 -0.4940988103601218 -0.49333894797717437   
812 7308 10.03190924810222 22409.93868107494 -0.49809689769993104 -4.9809689769993104e-01 -0.49809687082325244 -0.49809684502243345   
23 207 0.08379258872623424 2.523398418736407 -0.4582153043423002 -4.5816837403588628e-01 -0.45729702051158616 -0.4565953228756356   
275 2475 0.0026400402847695974 7260.591199018506 -0.4981374633151847 -4.9813746331518471e-01 -0.49813745866168946 -0.4981374533066095   
1268 11412 5.270677474777838 1.6259639457703827 -0.46738931862405547 -4.6738931862401667e-01 -0.46738931862388666 -0.4673893186221527   
723 6507 13.787288170699508 1607.504153008359 -0.5195023273376906 -5.1950232733769064e-01 -0.5195017502862891 -0.5195015133996009   
567 5103 0.9346271417418599 47342.41213710101 -0.515020059844799 -5.1502005984479904e-01 -0.515020003380132 -0.5150199283869602   
110 990 0.24992340876830116 36.38038231230654 -0.4655714844579619 -4.6557148445796193e-01 -0.46485452619321443 -0.4644798228205058   
1154 10386 66.53818193271496 6.27948317767479 -0.48249356355585 -4.8249356355473594e-01 -0.48249356341068644 -0.4824935630912886   
150 1350 0.01552394537876274 654.6259380205356 -0.48057870744933917 -4.8057870744933917e-01 -0.48057683484122937 -0.4805743921792179   
1670 15030 6681155.165560093 1092.675318347797 -0.3838055476753092 -3.8351438917208203e-01 -0.38351438820633205 -0.3835143866978566   
1822 16398 1299485.6034260392 113938.02030020887 -0.4594192016218026 -4.5941920142168441e-01 -0.45941920069768155 -0.4594191999715608   
143 1287 0.00031655018539527094 14.427581957602202 -0.4218817577968718 -4.2188175779687181e-01 -0.42188175779636344 -0.42188175779584547   
350 3150 0.00011812154373452819 1008673.766372735 -0.5147060441317141 -5.1470604413129839e-01 -0.5147060441305422 -0.5147060441254727   
1143 10287 305.6553038340639 47149.44317769785 -0.47527712206179573 -4.7527712103239439e-01 -0.4752771206140225 -0.4752771184047613   
551 4959 0.34733231507286666 3405.8220214115863 -0.46442440878186636 -4.6442440878186636e-01 -0.46442434680983147 -0.4644243103531502   
772 6948 0.3227719345649434 78276.5856947459 -0.514504330288805 -5.1450433027880349e-01 -0.5145043302013277 -0.5145043301210347   
898 8082 139.28049660240848 493.0913298135474 -0.4134008125967218 -4.1340081246531274e-01 -0.41340081155817604 -0.4134008093541704   
3 27 0.2729236077905949 1.5040986454689431 -0.5040870875420632 -5.0408708754206322e-01 -0.4822048906464384 -0.39710291139654336   
455 4095 0.48804822408009574 2279.6310971802623 -0.4603001613848509 -4.6029981591743357e-01 -0.46029913956204205 -0.46029416951686075   
276 2484 0.003013620880047643 7899.696110738805 -0.4981374638515672 -4.9813746385156721e-01 -0.49813746104909956 -0.4981374548125353   
272 2448 0.1053266866173996 1434.4276496301459 -0.5361006943871685 -5.3610069438716845e-01 -0.536092945702656 -0.5360850406781473   
568 5112 0.8530031037554744 44875.79154509267 -0.515020059844799 -5.1502005078569191e-01 -0.5150199394350853 -0.5150198484122838   
777 6993 3.8813283729056436 26129.610039759642 -0.4941653541632623 -4.9416535416326229e-01 -0.4941653474606474 -0.4941653366010843   
21 189 0.4657869375874087 5.152660020141932 -0.427351453543374 -4.2735145354337400e-01 -0.42726932101831955 -0.4266488734668614   
462 4158 0.22612132208510918 4926.627417690833 -0.514512900390221 -5.1451285255437185e-01 -0.5145127776500009 -0.5145126959627112   
813 7317 9.53646510324937 23544.900914260787 -0.49809689769993104 -4.9809688665843793e-01 -0.49809687041246764 -0.49809684634922996   
1269 11421 5.891034077941836 1.6794212151370582 -0.46738931862405547 -4.6738931862368382e-01 -0.46738931862302086 -0.46738931862249616   
97 873 0.14885759307709104 90.54532567322988 -0.49491557303732464 -4.9467752067837312e-01 -0.49424533717657043 -0.4937999156491555   
724 6516 12.235760163392438 1664.1295637320509 -0.5195023273376906 -5.1950230749366588e-01 -0.5195020974021202 -0.5195014322121295   
111 999 0.2715837436144702 37.756113327377506 -0.4655714844579619 -4.6542236278156074e-01 -0.4646840983706559 -0.46405647704506076   
24 216 0.07955012855581085 2.5354376822039497 -0.4582153043423002 -4.5810715899742438e-01 -0.45759902468411207 -0.45726386085269555   
1155 10395 68.76655845266804 6.191756165766465 -0.4824935635865759 -4.8249356358657591e-01 -0.48249356345340794 -0.4824935633139998   
1671 15039 7209275.102938968 1048.1944115900267 -0.3838055476753092 -3.8351438929468995e-01 -0.383514388863056 -0.38351438762445256   
1823 16407 1177111.12356254 108729.91829278975 -0.4594192016218026 -4.5941920124034336e-01 -0.4594192009860263 -0.4594191995293058   
151 1359 0.016349491747110423 739.2563824767507 -0.4805794226701675 -4.8057942267016751e-01 -0.48057774574917134 -0.4805760745848565   
351 3159 0.00010841412510322702 1.0000416675347343 -0.5147060441317141 -5.1470604413164067e-01 -0.5147060441292982 -0.5147060441260015   
4 36 0.2761288417132351 1.6595927506768968 -0.5054953349460554 -5.0549533494605536e-01 -0.4727394652440518 -0.4477271622673221   
144 1296 0.0002930505027892703 15.020540409182345 -0.42188175779688264 -4.2188175779688264e-01 -0.42188175779640774 -0.42188175779588416   
552 4968 0.3436953599333142 3383.457499406442 -0.46442440878186636 -4.6442440171699884e-01 -0.46442432864531447 -0.46442426219906385   
1144 10296 285.73701260225255 46343.94905148723 -0.47527712206179573 -4.7527712166919744e-01 -0.4752771197020805 -0.47527711752247953   
277 2493 0.0029445961080414268 8851.548546728887 -0.4981374641145977 -4.9813746411459769e-01 -0.4981374605491476 -0.4981374513375168   
899 8091 131.4490947827594 452.49063499392787 -0.4134008125967218 -4.1340081256141331e-01 -0.41340081215188335 -0.41340080832785675   
814 7326 8.631941681800818 27403.575947875288 -0.49809689769993104 -4.9809689369037979e-01 -0.4980968762169033 -0.4980968449816102   
778 7002 3.3758951161298842 24588.3356159985 -0.4941653541632623 -4.9416535270653744e-01 -0.4941653466976369 -0.49416533219193215   
773 6957 0.32979867219280734 82855.53200268922 -0.514504330288805 -5.1450433027271847e-01 -0.5145043302421786 -0.5145043301980878   
22 198 0.42728065639961893 6.166474532600721 -0.4273554881206605 -4.2735548812066049e-01 -0.4272973157770647 -0.42723863772677095   
273 2457 0.13241139914703443 1565.111473702238 -0.5361006943871685 -5.3609987566064699e-01 -0.5360910541590936 -0.5360842434776006   
569 5121 0.8114537669763857 43988.80171412832 -0.515020059844799 -5.1502004417772707e-01 -0.5150200124719656 -0.5150198807569725   
456 4104 0.488251271130811 2174.3362068928373 -0.4603001613848509 -4.6029929592580987e-01 -0.46029863265835386 -0.4602976344788527   
463 4167 0.22657551687111305 4340.635897094666 -0.5145129167153577 -5.1451291671535770e-01 -0.514512763114169 -0.5145126961348365   
25 225 0.07533604780290706 2.5275455765880723 -0.4582153043423002 -4.5815634356721624e-01 -0.45661619164671047 -0.45093734004567093   
98 882 0.1278479399978344 95.35166588478184 -0.49491557303732464 -4.9468623837854625e-01 -0.49426220922130465 -0.4927888678578544   
145 1305 0.00024343820573379907 15.439946920104191 -0.42188175779688264 -4.2188175779681880e-01 -0.42188175779665127 -0.4218817577964793   
278 2502 0.002738574996460005 8995.532666926603 -0.49813746437354034 -4.9813746437354034e-01 -0.49813745797510595 -0.498137451543506   
152 1368 0.018173959868288285 772.7263366084312 -0.48057947515334304 -4.8057947515334304e-01 -0.4805782212330261 -0.4805764996688189   
900 8100 117.69709533357138 444.96401092603026 -0.4134008125967218 -4.1340081248726923e-01 -0.4134008112780866 -0.4134008085575135   
352 3168 9.528753150086274e-05 1.206433526424108 -0.5147060441317141 -5.1470604413143917e-01 -0.5147060441309489 -0.5147060441299911   
1824 16416 1129715.9164233191 112020.33154381312 -0.4594192016218026 -4.5941920150845561e-01 -0.4594192009484642 -0.45941920029890354   
112 1008 0.2746065063330383 42.64281407680396 -0.4658917366199745 -4.6589173661997452e-01 -0.46539883518457176 -0.4644536459963981   
1672 15048 7056451.495966524 903.6839957571224 -0.3838055476753092 -3.8351438925347225e-01 -0.3835143888061959 -0.3835143873269724   
553 4977 0.3794561167592328 3497.9623090572213 -0.46442440878186636 -4.6442439376052896e-01 -0.4644243673676858 -0.464424291093925   
725 6525 12.659485624939682 1682.0598445588323 -0.5195023273376906 -5.1950223209118385e-01 -0.5195019683432389 -0.5195018552339686   
815 7335 7.630251600870058 29420.33745270177 -0.49809689769993104 -4.9809689693932824e-01 -0.4980968788836209 -0.4980968653400206   
1156 10404 83.96025515559356 6.807904610936125 -0.48249356367612717 -4.8249356367612717e-01 -0.482493563514145 -0.4824935634260612   
5 45 0.27496562377881134 1.8031494829728096 -0.5076972772719965 -5.0769727727199654e-01 -0.5004023459106784 -0.459261591892158   
23 207 0.4114156684767247 6.201631126917776 -0.4273554881206605 -4.2732701512101534e-01 -0.42728577664633205 -0.427016249885836   
274 2466 0.15182268878074032 1677.0981797167142 -0.5361036890691493 -5.3610368906914929e-01 -0.5360945617553067 -0.5360803926938755   
1145 10305 274.6927984781261 48948.097629849515 -0.47527712206179573 -4.7527712180537002e-01 -0.47527712046238124 -0.4752771190393112   
457 4113 0.42625124043268087 2131.479839872131 -0.4603001981750839 -4.6030019817508389e-01 -0.46029840773882147 -0.4602953493550181   
774 6966 0.32637025975687567 82942.55205683957 -0.514504330288805 -5.1450433025626519e-01 -0.5145043302255565 -0.5145043301138352   
779 7011 2.9098492356167602 24589.274451769015 -0.4941653541632623 -4.9416535349261265e-01 -0.49416535017979024 -0.4941653396498655   
464 4176 0.25139730661212384 4438.650010363805 -0.5145129716705055 -5.1451297167050547e-01 -0.514512858352347 -0.5145127648585093   
1673 15057 6789893.024769195 892.3308034788927 -0.3838055476753092 -3.8351438914755048e-01 -0.383514388440662 -0.3835143878054916   
26 234 0.0754768980811081 2.778074728170084 -0.4582153043423002 -4.5784056296747699e-01 -0.45730086668260045 -0.4545632360818168   
113 1017 0.2998622388258809 46.06661633526418 -0.4658917366199745 -4.6586849520451395e-01 -0.46535993834699835 -0.4647307946409028   
99 891 0.140647821909751 92.01586587100579 -0.49491557303732464 -4.9482567063439109e-01 -0.4944558420062696 -0.4939391586547931   
353 3177 0.00010415226001500024 1.3230478634824059 -0.5147060441317141 -5.1470604413145771e-01 -0.5147060441310896 -0.5147060441299265   
554 4986 0.3852405856935162 3093.6527013893224 -0.46442440878186636 -4.6442439993541662e-01 -0.4644243716014373 -0.46442426944041476   
726 6534 11.10974076842303 1842.6276436720289 -0.5195023556763742 -5.1950235567637415e-01 -0.5195020502511676 -0.5195018440240613   
146 1314 0.00021668014158304205 14.44211362649751 -0.4218817577969834 -4.2188175779698339e-01 -0.42188175779658565 -0.4218817577962719   
279 2511 0.002850986471373603 9166.30035662577 -0.49813746523127533 -4.9813746523127533e-01 -0.4981374593409574 -0.4981374558984852   
1157 10413 94.52546380089579 7.2243256081058655 -0.48249356368262825 -4.8249356368262825e-01 -0.4824935635369769 -0.48249356333016385   
153 1377 0.017799454521117537 815.5619745073967 -0.48057947515334304 -4.8057941403777299e-01 -0.4805780008964268 -0.4805747791245476   
570 5130 0.7834217633472129 46318.74458889593 -0.515020059844799 -5.1502005422382446e-01 -0.5150199954689889 -0.5150199139698489   
1825 16425 1020507.9801341463 109670.79080197803 -0.4594192016218026 -4.5941920146755155e-01 -0.4594192011043918 -0.4594191999022894   
901 8109 116.45080267888122 474.25578384702766 -0.4134008125967218 -4.1340081244701166e-01 -0.4134008122103285 -0.4134008104822282   
816 7344 7.786769381787112 28480.852709013685 -0.49809689769993104 -4.9809689617998276e-01 -0.4980968863235113 -0.49809685699173173   
458 4122 0.3796421851265881 2108.7473204683483 -0.4603001981750839 -4.6030003677101339e-01 -0.46029911009687186 -0.46029788857440745   
24 216 0.345352395681559 6.368825994178539 -0.4273554881206605 -4.2732200777601514e-01 -0.4273010037261933 -0.42727196493833025   
6 54 0.28126555971161366 1.8804100924096514 -0.509794900792932 -5.0979490079293199e-01 -0.5025650883439269 -0.45207617388792276   
275 2475 0.15083852911844636 1578.0728840022177 -0.5361036890691493 -5.3609936658549950e-01 -0.536085989786704 -0.5360643830488958   
1146 10314 246.42945758944563 54235.55744449104 -0.47527712206179573 -4.7527712119203069e-01 -0.4752771209719294 -0.4752771184207176   
465 4185 0.25626681986375643 4300.097555662556 -0.514512979353094 -5.1451297935309404e-01 -0.5145127949433755 -0.5145124586288093   
727 6543 9.113888234951487 1918.1795732066232 -0.5195023556763742 -5.1950235005297651e-01 -0.5195020891224514 -0.5195016780240839   
780 7020 2.861831465550031 24738.938911155692 -0.4941653546411042 -4.9416535464110423e-01 -0.4941653500970657 -0.4941653428862602   
775 6975 0.3451194771974109 86952.27567014139 -0.5145043303088077 -5.1450433030880771e-01 -0.5145043302461227 -0.5145043302155278   
1674 15066 6163324.752247188 918.816110538902 -0.3838055476753092 -3.8351438924863651e-01 -0.3835143887433083 -0.38351438780665065   
27 243 0.08137996363767239 2.774493269343225 -0.4582153043423002 -4.5817852182021557e-01 -0.45783446738007133 -0.4564293028592566   
354 3186 9.065941515806759e-05 1.2668452158541 -0.5147060441317141 -5.1470604413158350e-01 -0.514706044131043 -0.5147060441303326   
555 4995 0.39303538345578987 3213.9362945299818 -0.4644244088180583 -4.6442440881805830e-01 -0.4644243951472075 -0.4644243226802216   
100 900 0.15001636933678195 95.33306164643064 -0.49491557303732464 -4.9456807077665621e-01 -0.4942650007608791 -0.4938092897590566   
280 2520 0.002730956234398256 8962.029719339296 -0.498137465336893 -4.9813746533689301e-01 -0.49813745806736154 -0.49813745517572194   
1158 10422 86.27951370822913 7.549503785243558 -0.48249356368262825 -4.8249356357434087e-01 -0.48249356340073357 -0.4824935633078   
902 8118 104.72306756795454 488.5027601616417 -0.4134008125967218 -4.1340081244454963e-01 -0.41340081229214903 -0.41340080813015384   
114 1026 0.2679253029364907 48.99277974756847 -0.4658917366199745 -4.6584183635797549e-01 -0.46498728664421135 -0.4619301121613043   
147 1323 0.00021490347841395484 14.893595314347566 -0.4218817577969834 -4.2188175779697384e-01 -0.42188175779677917 -0.42188175779670656   
1826 16434 941039.8111694622 111640.49718176853 -0.4594192016218026 -4.5941920147432214e-01 -0.45941920110920803 -0.45941920070185027   
571 5139 0.6716625596840309 49560.74212306616 -0.5150200761082221 -5.1502007610822209e-01 -0.5150199538064949 -0.5150198263367192   
154 1386 0.017429837163627296 864.0541778517488 -0.48057978421924075 -4.8057978421924075e-01 -0.48057777314181277 -0.4805756891602113   
459 4131 0.3467097158882773 2223.1627564380437 -0.4603002699534165 -4.6030026995341650e-01 -0.46029952538446006 -0.46029813982088913   
7 63 0.26439741594646715 1.7423670469294694 -0.5127319284460434 -5.1273192844604343e-01 -0.5062073025129825 -0.4457041475732056   
817 7353 9.307552673027995 28234.98944527755 -0.49809690638358356 -4.9809690638358356e-01 -0.4980968930504982 -0.4980968784017249   
25 225 0.32865312526259616 6.5888294266744 -0.4273574970039139 -4.2735749700391390e-01 -0.42730568868753366 -0.4272274262443653   
781 7029 2.973261023897012 27386.500882250624 -0.4941653555698523 -4.9416535556985230e-01 -0.494165352069859 -0.4941653487893123   
281 2529 0.0023868911970782013 9411.063635602695 -0.498137465336893 -4.9813746467469400e-01 -0.49813746099205164 -0.4981374593798744   
276 2484 0.14233541870530036 1597.3079934760794 -0.5361036890691493 -5.3610368502179129e-01 -0.5360929492773348 -0.5360600706278049   
1147 10323 203.28384468875984 56168.76440030077 -0.47527712206179573 -4.7527712193804111e-01 -0.4752771212240954 -0.4752771196805086   
728 6552 8.65992945072211 1962.1839370727364 -0.5195023646589827 -5.1950236465898270e-01 -0.519502269692724 -0.5195020151457198   
1675 15075 5780826.98324471 1036.7750310418135 -0.3838055476753092 -3.8351438920910380e-01 -0.3835143890021022 -0.38351438842456975   
466 4194 0.2458051361551243 4580.946239439272 -0.514512979353094 -5.1451292462921716e-01 -0.514512857809308 -0.514512814893826   
355 3195 9.993399096429057e-05 1.382288326306215 -0.5147060441322207 -5.1470604413222065e-01 -0.5147060441310481 -0.5147060441302086   
28 252 0.0872118631177083 3.045263852994385 -0.4582153043423002 -4.5816110911296293e-01 -0.4577504344789834 -0.44702370577480727   
776 6984 0.34857928456640974 89451.16935614271 -0.5145043303088077 -5.1450433029951070e-01 -0.5145043302531662 -0.5145043301834379   
556 5004 0.36150453254902876 3078.1370166337556 -0.46442440937436663 -4.6442440937436663e-01 -0.46442437482409593 -0.4644243415252188   
903 8127 91.12809761123977 533.3211542104776 -0.4134008125967218 -4.1340081244062160e-01 -0.41340081232453535 -0.41340080658648076   
101 909 0.17342615509675635 104.74722263890261 -0.4950950089257381 -4.9509500892573810e-01 -0.4944783120973241 -0.49246990436829835   
1159 10431 89.13350651044733 7.9969156148555705 -0.48249356368262825 -4.8249356362469126e-01 -0.48249356347629596 -0.48249356328238846   
460 4140 0.3545267002780992 2365.591502234495 -0.4603005510421471 -4.6030055104214712e-01 -0.4602995368961677 -0.4602990079809169   
1827 16443 884560.1437046928 113322.54965035505 -0.4594192016218026 -4.5941920133750436e-01 -0.4594192011993812 -0.45941920067921055   
115 1035 0.26906667378995786 49.19701627049683 -0.4661142715394599 -4.6611427153945989e-01 -0.46556824365302957 -0.46467224805785334   
155 1395 0.017475448565718463 846.6578114398773 -0.4805797847444034 -4.8057978474440338e-01 -0.4805785573132964 -0.48057713948912173   
818 7362 9.78433887075078 32760.508675691664 -0.49809690638358356 -4.9809690587247235e-01 -0.4980968875312048 -0.4980968722224612   
148 1332 0.00021622599351990706 14.989629139644775 -0.42188175779700177 -4.2188175779700177e-01 -0.42188175779687975 -0.4218817577966034   
26 234 0.32467353398623416 6.652761733696997 -0.4273574970039139 -4.2734493393138068e-01 -0.42733297809983767 -0.4273165188754815   
8 72 0.2623360561416711 1.7519726132374822 -0.5127554922881808 -5.1275549228818085e-01 -0.49916521373668327 -0.46337404355696127   
1676 15084 5581781.592587844 993.1836436457519 -0.3838055476753092 -3.8351438942351818e-01 -0.3835143890079733 -0.383514388514054   
782 7038 3.0815542800959315 31278.310658934075 -0.49416535736909745 -4.9416535736909745e-01 -0.4941653504253838 -0.4941653456022506   
572 5148 0.7212928750926708 50805.41669512414 -0.5150200761082221 -5.1502007315332454e-01 -0.5150200338780798 -0.515019900099796   
282 2538 0.002205444546122952 9458.846395053171 -0.4981374655876922 -4.9813746558769217e-01 -0.498137461511026 -0.4981374569672541   
557 5013 0.31165309661890833 2933.657367338395 -0.46442443791608556 -4.6442443791608556e-01 -0.4644243837985305 -0.464424330010622   
277 2493 0.13405099847603427 1594.0213507446274 -0.5361036890691493 -5.3610203459810279e-01 -0.5360922214780229 -0.5360736929654798   
29 261 0.0964960582030901 2.9468017133939424 -0.4582165849116254 -4.5821658491162542e-01 -0.45792850977874416 -0.4492940023012967   
1148 10332 191.62691832638296 58520.178782105744 -0.47527712206179573 -4.7527712203502209e-01 -0.47527712101892977 -0.4752771198920424   
467 4203 0.2558032425819124 4579.625774014549 -0.514512979353094 -5.1451296498692900e-01 -0.5145129098169438 -0.5145126855563638   
904 8136 81.81635610412464 536.4190387882471 -0.4134008125967218 -4.1340081249248517e-01 -0.4134008123968499 -0.41340081073074414   
729 6561 8.550654558327297 2119.0611092002437 -0.5195023646589827 -5.1950235953764157e-01 -0.5195022348783738 -0.5195018301865024   
102 918 0.18668122218699323 105.39439876835822 -0.4950950089257381 -4.9502100402934540e-01 -0.4945758343075376 -0.49346750887272806   
116 1044 0.26203911639720184 53.563660766783194 -0.4661142715394599 -4.6593956417610694e-01 -0.4655801408677777 -0.46479092049888765   
777 6993 0.3507676275690179 93860.42933635692 -0.5145043303111425 -5.1450433031114251e-01 -0.5145043302509122 -0.5145043300372479   
156 1404 0.016406694740490214 833.2773512680922 -0.4805797847444034 -4.8057957804745377e-01 -0.48057883214002267 -0.480575891070785   
1677 15093 5425685.179304693 1076.4438614660535 -0.3838055476753092 -3.8351438923532044e-01 -0.3835143889306685 -0.383514387517597   
9 81 0.2588982094172603 2.091219038553035 -0.5145183198393299 -5.1451831983932994e-01 -0.49896500301646174 -0.4813856880044461   
149 1341 0.0001902817002941359 13.300805397294118 -0.42188175779700177 -4.2188175779697090e-01 -0.42188175779681875 -0.42188175779617226   
1828 16452 768346.8185022513 119283.10851893728 -0.4594192016218026 -4.5941920151018745e-01 -0.4594192013492229 -0.45941920103559974   
819 7371 10.020520721005221 35528.27783866812 -0.49809691174565823 -4.9809691174565823e-01 -0.4980968900092571 -0.49809686451539126   
27 243 0.28578223115085477 7.247555798269978 -0.4273574970039139 -4.2735136201559520e-01 -0.4273349793905844 -0.4273046312195951   
1160 10440 86.78761808916349 8.716858231972326 -0.48249356368420265 -4.8249356368420265e-01 -0.48249356357092854 -0.4824935634164118   
461 4149 0.40316511589642884 2568.147202889449 -0.4603005510421471 -4.6030028808742834e-01 -0.4602999260136091 -0.4602987056940006   
573 5157 0.6324011717471552 50175.59027668184 -0.5150200959420419 -5.1502009594204190e-01 -0.51502001357147 -0.5150198862789219   
283 2547 0.002464324807293936 10742.773105014181 -0.49813746682327975 -4.9813746682327975e-01 -0.4981374647059474 -0.498137461905985   
783 7047 3.0647078528038905 34181.91540908798 -0.49416535736909745 -4.9416535608933271e-01 -0.49416535317297144 -0.49416534763058545   
30 270 0.09848204859997642 3.449786016909031 -0.4582165849116254 -4.5818932236281684e-01 -0.4574317847544823 -0.4535756584585416   
558 5022 0.26309628675876806 3086.2585252075637 -0.46442443791608556 -4.6442442294019404e-01 -0.46442440123032797 -0.46442435016717715   
1678 15102 5212806.837770743 1164.4950534530153 -0.3838055476753092 -3.8351438933495008e-01 -0.38351438904404106 -0.383514388668292   
278 2502 0.1367920670047868 1430.725991704204 -0.5361036890691493 -5.3609792341200369e-01 -0.536094633981911 -0.5360754798966306   
103 927 0.18346058401656953 109.2460867109074 -0.4950950089257381 -4.9472696957941442e-01 -0.49432463682570904 -0.49399379678469785   
905 8145 79.10070672531585 514.1312263986256 -0.4134008125967218 -4.1340081250523275e-01 -0.41340081239980225 -0.4134008106870823   
1149 10341 193.07340212926871 68237.20776033445 -0.47527712206179573 -4.7527712174909387e-01 -0.4752771210607854 -0.4752771195751354   
468 4212 0.31992048203214624 4383.543174214037 -0.5145130306643403 -5.1451303066434029e-01 -0.5145129565680749 -0.5145127148739922   
117 1053 0.29286063435195403 51.69292331500668 -0.46654440359242694 -4.6654440359242694e-01 -0.46568431401455745 -0.46509274667124184   
730 6570 8.110081444324411 2302.742867141122 -0.5195023646589827 -5.1950235638943565e-01 -0.5195022403315803 -0.5195022109492271   
10 90 0.2645995798103212 2.164256060244164 -0.5151190233689065 -5.1511902336890647e-01 -0.5080034965695808 -0.4642781498448016   
157 1413 0.01576530424082794 894.6812828220916 -0.48057992131038674 -4.8057992131038674e-01 -0.4805786226604911 -0.48057812485335166   
28 252 0.2717384461500389 7.3973323717156605 -0.4273574970039139 -4.2735667144652073e-01 -0.4273343471621506 -0.4273197090986738   
1829 16461 706224.2894336022 123461.0810957871 -0.4594192016218026 -4.5941920161221955e-01 -0.45941920152601745 -0.45941920109613116   
150 1350 0.00016987569867687977 12.26426804394494 -0.4218817577970053 -4.2188175779700532e-01 -0.42188175779687437 -0.4218817577967487   
820 7380 13.254401695359018 32870.76113515114 -0.49809691977583775 -4.9809691977583775e-01 -0.4980968982156723 -0.49809686153730415   
284 2556 0.0025731809597438282 12294.32877481042 -0.49813746682327975 -4.9813746585003188e-01 -0.4981374647044451 -0.4981374603828522   
462 4158 0.4681895834609045 2647.373076344643 -0.46030063912756625 -4.6030063912756625e-01 -0.4603000221622605 -0.4602991733763804   
574 5166 0.5871177393428548 51145.904711819865 -0.5150201053389118 -5.1502010533891185e-01 -0.5150200042709815 -0.5150198593037972   
778 7002 0.3693946281469049 96201.08945466334 -0.5145043303339996 -5.1450433033399956e-01 -0.5145043302606318 -0.5145043302371075   
1161 10449 90.91522907028123 8.88095717310953 -0.4824935637202522 -4.8249356372025221e-01 -0.4824935634513787 -0.4824935633992024   
31 279 0.10621795379470392 3.444831887920287 -0.4582165849116254 -4.5808214809795134e-01 -0.458007405397361 -0.4554670185099777   
279 2511 0.1350140856527204 1358.467887314079 -0.5361036890691493 -5.3609783530018951e-01 -0.5360927164558494 -0.5360801321328124   
559 5031 0.22320335554788365 3008.64095228334 -0.46442443791608556 -4.6442441946300789e-01 -0.46442440076114777 -0.46442436195905357   
469 4221 0.40523069378023463 4271.036597714889 -0.5145130381656345 -5.1451303816563454e-01 -0.5145129976584326 -0.5145127166219552   
784 7056 2.9008436987105 35640.464761200594 -0.49416535736909745 -4.9416535511511667e-01 -0.4941653505792315 -0.49416534633987885   
1679 15111 4988022.293331086 1336.4602405909163 -0.3838055476753092 -3.8351438936885840e-01 -0.3835143890668589 -0.3835143887947052   
906 8154 78.81472651742627 544.3972902562333 -0.4134008125967218 -4.1340081251062616e-01 -0.4134008124235767 -0.4134008109755182   
104 936 0.17720747221842442 102.88580884798172 -0.4950950089257381 -4.9468843496914949e-01 -0.49394527785427195 -0.4925850286709346   
11 99 0.2675230374455915 2.0400394330533675 -0.5151190233689065 -5.1061968095131505e-01 -0.5037122410761494 -0.4921293282819064   
1150 10350 194.625643363823 77322.87860736306 -0.4752771221538457 -4.7527712215384571e-01 -0.475277121226907 -0.4752771206026644   
1830 16470 613446.5108337026 122727.22371462462 -0.4594192016787261 -4.5941920167872607e-01 -0.45941920145684945 -0.4594192013477973   
821 7389 15.16839898449465 33412.87373946841 -0.4980969252450114 -4.9809692524501142e-01 -0.4980969087171242 -0.4980968652276594   
731 6579 8.15464592390434 2158.126641622435 -0.519502372759106 -5.1950237275910605e-01 -0.5195021361502052 -0.519502017018379   
29 261 0.2927105408508487 7.164499486352832 -0.4273574970039139 -4.2735491217894278e-01 -0.4273487978569593 -0.4273422334459435   
118 1062 0.3003047232268422 53.967505693748414 -0.46654440359242694 -4.6616965659399445e-01 -0.4656587861889138 -0.46512937356772216   
158 1422 0.01406928110456939 944.8103104831489 -0.48057992131038674 -4.8057927375607579e-01 -0.4805783568195413 -0.48057741787155045   
285 2565 0.0023967641064483168 12885.911820049607 -0.49813746682327975 -4.9813746636190742e-01 -0.49813746484143767 -0.4981374628381241   
151 1359 0.00016463209934438087 12.777355225692235 -0.4218817577970175 -4.2188175779701748e-01 -0.42188175779692716 -0.42188175779677933   
575 5175 0.6007797154047663 51202.258761015284 -0.5150201053389118 -5.1502008655760234e-01 -0.5150200461601918 -0.5150199632356959   
463 4167 0.49522357008339757 2392.070625214869 -0.46030063912756625 -4.6030011543512483e-01 -0.46029908646818213 -0.4602984643130649   
1162 10458 87.13475961695946 9.54413240236908 -0.4824935637202522 -4.8249356370171970e-01 -0.48249356361988693 -0.4824935634698818   
32 288 0.09984002109471654 3.286605368283536 -0.4582165849116254 -4.5798605336988052e-01 -0.4572486697344744 -0.45451103284539346   
779 7011 0.3714855189351845 95866.14370879345 -0.5145043303339996 -5.1450433031359710e-01 -0.514504330281499 -0.514504330228332   
560 5040 0.24094410417277484 2851.1814212502736 -0.46442443791608556 -4.6442443053652832e-01 -0.4644244139657176 -0.4644243949730833   
280 2520 0.11423999645342706 1336.5423593307737 -0.5361036890691493 -5.3609120289584977e-01 -0.5360884384411737 -0.5360788385741353   
105 945 0.15683020602412318 104.03667448529853 -0.4950950089257381 -4.9473666952084833e-01 -0.4941630599947643 -0.4936503532413479   
12 108 0.22477342009659654 2.1527908422637196 -0.5151190233689065 -5.1296212230837468e-01 -0.4980109066010543 -0.46580205088924287   
470 4230 0.4426695331015362 4277.504470697781 -0.5145130438085378 -5.1451304380853780e-01 -0.5145126672554389 -0.5145122695104449   
907 8163 78.4164980795097 569.1920722151974 -0.4134008125967218 -4.1340081249616184e-01 -0.4134008124632148 -0.41340080956096564   
30 270 0.31884639721297736 8.211201878561027 -0.427364090263708 -4.2736409026370797e-01 -0.4273511075654871 -0.42732700330647916   
1831 16479 551811.3762524285 123374.16788566652 -0.4594192016787261 -4.5941920167627104e-01 -0.4594192015274011 -0.45941920136890435   
1680 15120 4763417.709704069 1275.0428805089407 -0.3838055476753092 -3.8351438934106191e-01 -0.38351438917758673 -0.383514388920834   
785 7065 3.278045463873854 33550.88475466174 -0.49416535810885825 -4.9416535810885825e-01 -0.4941653548948527 -0.49416534991613814   
732 6588 8.626240063160566 2101.413459997959 -0.5195024311924841 -5.1950243119248407e-01 -0.5195023367410289 -0.5195022587637347   
822 7398 14.873874999540712 34082.165148483866 -0.4980969252450114 -4.9809692257016075e-01 -0.4980968894181719 -0.49809683313302044   
159 1431 0.013611309471258427 1018.5483253828596 -0.48058010902709786 -4.8058010902709786e-01 -0.48057908861669557 -0.4805772117277307   
119 1071 0.31894639091427424 56.56246606451605 -0.46654440359242694 -4.6626227958045907e-01 -0.46596589014715106 -0.4653489074239655   
1151 10359 182.69492532375153 76683.54161761179 -0.4752771221538457 -4.7527712212089634e-01 -0.47527712186679244 -0.4752771210852361   
286 2574 0.0022227807213388976 13559.791690226764 -0.49813746682327975 -4.9813746635042538e-01 -0.4981374646207001 -0.4981374621420283   
152 1368 0.00014577089168171852 12.959093414229063 -0.4218817577970175 -4.2188175779699588e-01 -0.4218817577969451 -0.42188175779685544   
561 5049 0.250296226924924 2624.0219702894933 -0.46442443791608556 -4.6442443337462891e-01 -0.4644244088443291 -0.4644243569217818   
464 4176 0.4826740806493582 2252.576505403963 -0.46030063912756625 -4.6030030277343292e-01 -0.46029963301028204 -0.4602991867931553   
1163 10467 82.84344385127702 9.3952278869912 -0.4824935637202522 -4.8249356371066532e-01 -0.48249356362061335 -0.48249356329791393   
576 5184 0.5456440869111243 55039.982199294755 -0.5150201053389118 -5.1502009661333636e-01 -0.5150200264357611 -0.5150199639354268   
281 2529 0.10491515841249603 1305.2562261381217 -0.5361036890691493 -5.3609898994482552e-01 -0.5360948430560661 -0.5360825097317455   
33 297 0.09419961545333234 3.765903941459979 -0.4582165849116254 -4.5820124057561584e-01 -0.4579387359249063 -0.4568902639928667   
780 7020 0.36996167213958303 91005.65287852033 -0.5145043303339996 -5.1450433032373943e-01 -0.5145043302610546 -0.5145043301368116   
908 8172 70.4092486892277 590.22359097383 -0.4134008125967218 -4.1340081255295902e-01 -0.4134008124666533 -0.4134008098946042   
13 117 0.20801154139779776 2.1167554579178303 -0.5151190233689065 -5.1464530598144487e-01 -0.5110982728445465 -0.4959298651834501   
31 279 0.3561706892242668 9.354291415941603 -0.427364090263708 -4.2736254904707666e-01 -0.42735287466751976 -0.42734543937705155   
106 954 0.16236322653430835 101.86743356940218 -0.4950950089257381 -4.9476787536433625e-01 -0.4943341646406493 -0.49374219395564733   
1681 15129 4416983.9680047175 1352.3037485083503 -0.3838055476753092 -3.8351438938547489e-01 -0.383514389208809 -0.3835143887575115   
1832 16488 566735.5229441886 128982.77251283641 -0.45941920172915984 -4.5941920172915984e-01 -0.45941920157385063 -0.45941920137866554   
733 6597 8.410708081434782 2142.8533985566596 -0.5195024311924841 -5.1950239718392133e-01 -0.5195022878802683 -0.5195020750858753   
823 7407 16.37546115952947 33472.521142155405 -0.4980969324872418 -4.9809693248724179e-01 -0.49809687426051974 -0.49809682127116794   
471 4239 0.4599858339506964 3959.1587809097514 -0.514513069588099 -5.1451306958809895e-01 -0.5145128280767708 -0.5145125451197305   
287 2583 0.0021681359704945045 14984.092373978401 -0.49813746705580303 -4.9813746705580303e-01 -0.4981374662162697 -0.4981374643365827   
160 1440 0.013186391444024361 1119.4688560538814 -0.48058010902709786 -4.8058002602789696e-01 -0.4805792373818072 -0.4805787031317617   
786 7074 3.7400325715126073 37599.11785896095 -0.49416535810885825 -4.9416535646093068e-01 -0.49416535519381294 -0.4941653482579757   
1152 10368 175.04479113427993 71105.19392422614 -0.47527712229039704 -4.7527712229039704e-01 -0.4752771219401822 -0.4752771212452787   
120 1080 0.3267305998619567 59.09814297573224 -0.4666052056797565 -4.6660520567975650e-01 -0.46580328254302755 -0.4653499003736726   
562 5058 0.29713814584093423 2501.9423700179545 -0.4644244481462088 -4.6442444814620881e-01 -0.4644244326149461 -0.46442439240747097   
465 4185 0.4240852354172636 2402.4592932641153 -0.46030063912756625 -4.6030049654286626e-01 -0.46029940191826607 -0.4602979659445638   
153 1377 0.00013029404737997295 12.72727934686756 -0.4218817577970175 -4.2188175779700077e-01 -0.42188175779697074 -0.42188175779691117   
34 306 0.08466082685100802 3.9193141989958145 -0.4582165849116254 -4.5815474602054101e-01 -0.45795169019573495 -0.4563766985258203   
107 963 0.14344502442237828 100.10857684523663 -0.4950950089257381 -4.9484185374597334e-01 -0.49404679545276786 -0.4931014088136547   
32 288 0.3560218263736999 10.805259802361169 -0.427364090263708 -4.2736319569430631e-01 -0.42734910586121205 -0.42733534392099304   
14 126 0.17561142811353922 2.2577322253866408 -0.5151190233689065 -5.1324525117502540e-01 -0.5055228943898472 -0.49899995121495033   
1164 10476 84.76050072864133 10.525486724954483 -0.4824935638137552 -4.8249356381375519e-01 -0.4824935636263981 -0.48249356345990035   
577 5193 0.653859675415439 57575.29507654677 -0.5150201118615235 -5.1502011186152352e-01 -0.5150200753014529 -0.5150200057438354   
909 8181 74.07207937199895 573.9117085322199 -0.4134008125967218 -4.1340081252723376e-01 -0.4134008124931994 -0.41340081200698536   
282 2538 0.08882168019968802 1363.706374073834 -0.5361036890691493 -5.3610131907031222e-01 -0.5360968497913648 -0.5360810468728939   
781 7029 0.3761337073995687 92700.08712919422 -0.5145043303489543 -5.1450433034895426e-01 -0.5145043303123046 -0.5145043301630896   
1682 15138 4699827.918223561 1432.647234925423 -0.3838055476753092 -3.8351438937256860e-01 -0.3835143892766371 -0.3835143889017574   
1833 16497 572390.3272981078 132931.94773282803 -0.45941920172915984 -4.5941920171228640e-01 -0.4594192016155827 -0.4594192010567994   
734 6606 8.22128767805051 2219.7534800413855 -0.5195024311924841 -5.1950242866327812e-01 -0.5195022833719142 -0.5195019564680141   
824 7416 14.46062990910585 31049.813136478253 -0.4980969324872418 -4.9809693103130925e-01 -0.49809689469941165 -0.4980968703636415   
563 5067 0.3524555409686442 2622.424233620272 -0.46442445732033677 -4.6442445732033677e-01 -0.4644244291073645 -0.46442437625915267   
288 2592 0.0025637644639145757 14461.300314188189 -0.4981374681430614 -4.9813746814306142e-01 -0.49813746642585266 -0.49813746448800234   
472 4248 0.46765797572563095 3883.4885374918385 -0.5145131516227597 -5.1451315162275968e-01 -0.514512929242018 -0.5145128287553296   
1153 10377 159.7818870981882 74009.9529403241 -0.4752771224513853 -4.7527712245138531e-01 -0.475277121854058 -0.4752771216277796   
787 7083 3.772383580594446 40305.53423491637 -0.49416535990531557 -4.9416535990531557e-01 -0.49416535227597114 -0.4941653399808017   
161 1449 0.016011602311630586 1180.6817005705514 -0.48058029773195476 -4.8058029773195476e-01 -0.4805794469245718 -0.4805785284293977   
35 315 0.08175257967252085 4.295157573367112 -0.4582165849116254 -4.5818032070595249e-01 -0.4578256699860933 -0.4573684861526639   
121 1089 0.3568953047644735 63.03041754597783 -0.4666052056797565 -4.6658797146944631e-01 -0.4660453981544973 -0.4654681536191186   
466 4194 0.4199834972723007 2612.3539432274415 -0.46030063912756625 -4.6030027155185466e-01 -0.4602998225163285 -0.46029857598844387   
108 972 0.11901524749127483 105.2437030759193 -0.4950950089257381 -4.9490779172842303e-01 -0.4945299211955408 -0.4940290511950413   
33 297 0.3142597957052985 11.110212057941709 -0.42736435871965556 -4.2736435871965556e-01 -0.4273549701832959 -0.4273361025813471   
154 1386 0.0001201845078630429 13.436511365742442 -0.42188175779703274 -4.2188175779703274e-01 -0.4218817577970098 -0.4218817577969503   
15 135 0.20284660401522253 2.3653584430637684 -0.5151190233689065 -5.1222467116907788e-01 -0.5034674172768199 -0.4952458864673289   
1165 10485 85.74866957847766 11.492586495897413 -0.48249356387269154 -4.8249356387269154e-01 -0.4824935636166459 -0.4824935634147869   
735 6615 8.20091118257419 2590.950823412992 -0.5195024311924841 -5.1950238597575882e-01 -0.5195023248446862 -0.5195022324853242   
1683 15147 4545177.991549561 1494.9726601200555 -0.3838055476753092 -3.8351438940715393e-01 -0.3835143891670375 -0.3835143889112909   
564 5076 0.3755902077955391 2905.7690883543687 -0.46442447185739905 -4.6442447185739905e-01 -0.46442444176498016 -0.4644243834339003   
283 2547 0.08383891542070908 1385.8969151454692 -0.5361036890691493 -5.3610153753616929e-01 -0.5360957935358259 -0.5360897713999011   
910 8190 78.87233234954665 550.9479352882222 -0.4134008125967218 -4.1340081254690753e-01 -0.4134008124810982 -0.4134008112157282   
1834 16506 525256.7896998278 128795.26691270943 -0.4594192017654599 -4.5941920176545992e-01 -0.4594192016448363 -0.4594192015377261   
289 2601 0.002690287946045161 13827.065075873568 -0.4981374681430614 -4.9813746778052109e-01 -0.4981374662402248 -0.49813746140919213   
782 7038 0.3506173724848261 92074.00047821837 -0.5145043303489543 -5.1450433032824716e-01 -0.5145043302744368 -0.514504330079305   
578 5202 0.6509402634832298 57213.13681786496 -0.5150201330216946 -5.1502013302169458e-01 -0.5150200844198005 -0.5150199852249739   
1154 10386 169.80775986887508 73025.20272048717 -0.4752771226038571 -4.7527712260385713e-01 -0.4752771224616045 -0.47527712129882593   
825 7425 14.413020712635428 30589.345571737413 -0.4980969324872418 -4.9809692937517358e-01 -0.4980969074554017 -0.4980968699188524   
788 7092 3.579937498802682 37849.13958722045 -0.49416535990531557 -4.9416535746873474e-01 -0.49416535452012567 -0.4941653426414017   
473 4257 0.471312869094375 3821.3256238922686 -0.5145131516227597 -5.1451307263816304e-01 -0.5145129477162811 -0.514512676487933   
36 324 0.07531381607745585 4.201743540056265 -0.4582165849116254 -4.5811702846801056e-01 -0.45798945065164354 -0.4567414412260066   
122 1098 0.39747734277565455 64.42584719037579 -0.46687657115717157 -4.6687657115717157e-01 -0.46540346808969396 -0.4644368591573795   
109 981 0.10384147448920257 105.05486291904974 -0.4950950089257381 -4.9483874126748773e-01 -0.49456324920143685 -0.4944356195624738   
34 306 0.30858031683628073 10.85483531276917 -0.42736435871965556 -4.2736266970772219e-01 -0.42735532962035266 -0.42732299047046585   
467 4203 0.3864359466602176 2735.292490023381 -0.46030063912756625 -4.6030051407697603e-01 -0.4603000753725323 -0.46029959726815944   
162 1458 0.015592145300362618 1168.596638824652 -0.48058029773195476 -4.8057992479732092e-01 -0.4805787281132686 -0.48057838437545475   
1684 15156 4889542.687433735 1588.0732634521376 -0.3838055476753092 -3.8351438947268601e-01 -0.3835143892928556 -0.38351438913234276   
565 5085 0.387682993004477 2801.9861971288055 -0.4644244737231871 -4.6442447372318713e-01 -0.4644244375384209 -0.46442439087007636   
16 144 0.20266706749302257 3.0084837831393902 -0.5151190233689065 -5.1431452145286882e-01 -0.5050768158259104 -0.4864025685160036   
736 6624 8.369155695072427 2869.3664862576607 -0.5195024365782513 -5.1950243657825135e-01 -0.5195023541073799 -0.519502238146879   
1835 16515 521173.94142312807 143905.72942297728 -0.45941920179472895 -4.5941920179472895e-01 -0.4594192015980144 -0.4594192014741076   
155 1395 0.00010819714797781997 12.687089494348905 -0.4218817577970445 -4.2188175779704451e-01 -0.4218817577969911 -0.4218817577969452   
290 2610 0.002604567678315042 13885.999661434536 -0.4981374681430614 -4.9813746744949572e-01 -0.4981374654941513 -0.4981374624654771   
1166 10494 85.31330389861645 12.487079024855394 -0.48249356387269154 -4.8249356385376574e-01 -0.4824935637281347 -0.48249356363218615   
783 7047 0.3380975167206978 104315.42514605705 -0.5145043303489543 -5.1450433033937548e-01 -0.5145043303113606 -0.5145043302440099   
911 8199 79.02673125215429 595.0848918464336 -0.4134008125967218 -4.1340081258818528e-01 -0.4134008121142846 -0.41340081002041185   
37 333 0.06852520077038428 4.226664484707347 -0.4582831498110544 -4.5828314981105439e-01 -0.4578833920219136 -0.45673751082963476   
284 2556 0.07915191871377494 1376.4756232062573 -0.5361036890691493 -5.3610003993264010e-01 -0.5360990295288005 -0.5360938005648301   
579 5211 0.6910111304697022 55304.24901282398 -0.5150201330216946 -5.1502010399890286e-01 -0.5150200879191769 -0.5150199541604057   
1155 10395 191.24183469910326 71952.66845511663 -0.4752771227845674 -4.7527712278456741e-01 -0.4752771224860921 -0.47527712184017445   
826 7434 16.753790420356815 28841.251747623963 -0.4980969402124388 -4.9809694021243878e-01 -0.4980969179308716 -0.4980968352559396   
474 4266 0.42424702066424286 4022.46204535983 -0.5145131516227597 -5.1451303064276299e-01 -0.5145129181353789 -0.514512700654899   
123 1107 0.44334684953443887 73.96394642305724 -0.46704917733951967 -4.6704917733951967e-01 -0.4664947762616152 -0.4657483286729117   
110 990 0.09468439678808362 104.79037211060398 -0.4950950089257381 -4.9485597257473835e-01 -0.4947564064155924 -0.4941836355722581   
789 7101 3.934880242949724 37219.92242494333 -0.49416536079854323 -4.9416536079854323e-01 -0.494165356606808 -0.49416535186341515   
35 315 0.29233392863422647 11.579528813567018 -0.42736435871965556 -4.2736349337421331e-01 -0.4273470477846295 -0.42731285571078004   
468 4212 0.38663616352172003 2737.0487502735587 -0.4603007891367293 -4.6030078913672928e-01 -0.4603001366210861 -0.4602981192456948   
1685 15165 4886589.0558899045 1682.760505584201 -0.3838055476753092 -3.8351438947573957e-01 -0.3835143892784056 -0.38351438903410145   
566 5094 0.4314336584911277 2849.322548041984 -0.4644244853168511 -4.6442448531685110e-01 -0.46442445801486965 -0.46442442626357006   
1836 16524 521365.4002334579 140191.40817203667 -0.45941920179472895 -4.5941920174056672e-01 -0.45941920162863864 -0.45941920148482984   
38 342 0.06423889163269547 4.278449387220273 -0.4582831498110544 -4.5815422792920385e-01 -0.45742644100804286 -0.45185761606670083   
912 8208 89.32364881118455 574.9213411219156 -0.4134008125967218 -4.1340081259530748e-01 -0.4134008125192874 -0.4134008104171247   
163 1467 0.014928729472084894 1141.268311551405 -0.48058029773195476 -4.8058001061158395e-01 -0.4805793215177027 -0.48057838938843517   
737 6633 8.450634316209639 2918.2604897785836 -0.5195024855898832 -5.1950248558988321e-01 -0.5195023361000479 -0.5195022121263602   
17 153 0.193851797849663 3.039904167122278 -0.5151190233689065 -5.1271856894253010e-01 -0.5025330393773794 -0.4981597605958012   
156 1404 9.441612336745384e-05 12.85165900634023 -0.4218817577970445 -4.2188175779704440e-01 -0.42188175779702586 -0.421881757796995   
580 5220 0.6239907515920288 53191.586465533175 -0.5150201330216946 -5.1502009879607114e-01 -0.5150200716580449 -0.5150199981030638   
291 2619 0.002757632266374561 14933.363691019675 -0.4981374681430614 -4.9813746695546329e-01 -0.4981374654303887 -0.4981374625775726   
1156 10404 206.06293839210582 71405.06998364901 -0.4752771227845674 -4.7527712271992123e-01 -0.4752771223413207 -0.4752771220051561   
784 7056 0.3417181353301807 114474.84316119149 -0.5145043303489543 -5.1450433033965726e-01 -0.5145043303027212 -0.5145043302672954   
285 2565 0.08114704049224515 1365.3387978826634 -0.5361036890691493 -5.3610039684497979e-01 -0.5360980579129756 -0.5360925202934821   
1167 10503 93.75653805624889 12.764889374308346 -0.48249356387269154 -4.8249356382171560e-01 -0.48249356378521535 -0.4824935636214625   
827 7443 16.854038516660008 31610.082002011088 -0.49809694803318016 -4.9809694803318016e-01 -0.49809691922624527 -0.4980968830780039   
111 999 0.10402680608654276 101.86245052262147 -0.4950950089257381 -4.9505502249506306e-01 -0.4948065616996378 -0.4946558008597674   
36 324 0.2812560751449967 14.075045949492601 -0.42736702818985467 -4.2736702818985467e-01 -0.4273610786333191 -0.4273364860048409   
1686 15174 4829644.514846146 1849.164265163934 -0.3838055476753092 -3.8351438946109850e-01 -0.3835143893136742 -0.38351438881865896   
18 162 0.20321239740504132 3.24845420283363 -0.5151190233689065 -5.1343991335480310e-01 -0.5100258191075295 -0.4851488056275578   
469 4221 0.37538063389345494 2685.1444628451427 -0.4603007891367293 -4.6030069397007745e-01 -0.4603003225864419 -0.460299063794797   
124 1116 0.5074676893187529 77.09707534207182 -0.46772922033559816 -4.6772922033559816e-01 -0.46663958064278854 -0.4657280142376785   
738 6642 8.73210661052512 3301.377838529336 -0.5195025270058237 -5.1950252700582367e-01 -0.5195024227732559 -0.5195022853354793   
1837 16533 538478.9282142448 136413.76444379898 -0.45941920181461 -4.5941920181460999e-01 -0.4594192016743246 -0.4594192015444758   
790 7110 4.354133847869087 35187.889809042375 -0.4941653616771199 -4.9416536167711989e-01 -0.4941653567719939 -0.4941653471295286   
567 5103 0.48976761582034467 2997.010308373123 -0.46442451339963314 -4.6442451339963314e-01 -0.4644244697980085 -0.4644244234917182   
475 4275 0.40965318467682077 3919.3884781991155 -0.5145131516227597 -5.1451307122579049e-01 -0.5145129076251191 -0.5145126671424579   
913 8217 91.386520866543 534.1770857742805 -0.4134008125967218 -4.1340081255052419e-01 -0.41340081039606946 -0.41340080724439615   
39 351 0.057958936183174145 4.6964225573730305 -0.4582831498110544 -4.5824873160840990e-01 -0.4580477571588869 -0.45363886339406384   
164 1476 0.013663130167442132 1113.9596352216215 -0.48058029773195476 -4.8058024817218348e-01 -0.48057932335925535 -0.4805786096336044   
785 7065 0.35591258828665834 126236.91762883824 -0.5145043303510672 -5.1450433035106724e-01 -0.514504330317964 -0.5145043302806348   
292 2628 0.0023657307313181743 14085.144195593302 -0.4981374681430614 -4.9813746779439089e-01 -0.49813746613306153 -0.49813746430178196   
1157 10413 241.45316603622408 75533.19665923023 -0.47527712316866516 -4.7527712316866516e-01 -0.47527712271905953 -0.4752771217043834   
581 5229 0.5940591466393054 51462.976725213186 -0.5150201330216946 -5.1502010899429307e-01 -0.5150200834625145 -0.5150200199104278   
828 7452 17.61869208827238 30874.258208194173 -0.49809694803318016 -4.9809693830520646e-01 -0.49809692647316145 -0.4980968595424654   
157 1413 9.344325449039041e-05 13.977307167556612 -0.4218817577970445 -4.2188175779703668e-01 -0.4218817577970272 -0.42188175779700027   
19 171 0.20802412649334828 3.6891754923917177 -0.5151190233689065 -5.1502136977347146e-01 -0.5083581386183945 -0.49543890237578964   
568 5112 0.52873929942907 2873.5307215260455 -0.4644245135754649 -4.6442451357546488e-01 -0.46442446212186916 -0.46442444647222614   
1168 10512 97.33465866843767 12.959072629032724 -0.48249356387869907 -4.8249356387869907e-01 -0.4824935637996523 -0.48249356345904026   
1687 15183 4758671.83384327 1747.8311476219546 -0.3838055476753092 -3.8351438958899131e-01 -0.38351438940161525 -0.3835143889052254   
37 333 0.2311002953364149 15.813254125536963 -0.4273682332670005 -4.2736823326700052e-01 -0.4273611586741162 -0.4273521539072112   
1838 16542 556065.3955334936 144140.05581654477 -0.45941920181461 -4.5941920178888401e-01 -0.4594192017460628 -0.4594192015743806   
470 4230 0.33166895535409097 2841.4715283554237 -0.46030080006279783 -4.6030080006279783e-01 -0.4603004453455679 -0.4603000818801907   
286 2574 0.08351584645114665 1321.467419078792 -0.5361036890691493 -5.3610114943787002e-01 -0.536098637897771 -0.5360963962254857   
112 1008 0.09896807840465911 116.41716700969418 -0.4950950089257381 -4.9500091026653453e-01 -0.4948652965296401 -0.4945851390061548   
125 1125 0.5448049203595273 86.38431789308675 -0.4677686435176155 -4.6776864351761549e-01 -0.46709302135291864 -0.46544880259096794   
739 6651 9.745357420742964 3639.2842069407056 -0.5195025270058237 -5.1950248782082786e-01 -0.5195024228400089 -0.5195022506870182   
476 4284 0.3754300952492797 3923.8348709636057 -0.5145131620229279 -5.1451316202292785e-01 -0.5145129317712493 -0.514512856696296   
791 7119 4.1182444929449336 33931.91209371176 -0.49416536326665106 -4.9416536326665106e-01 -0.49416535867942374 -0.49416534154031044   
914 8226 84.47868321445354 532.5045947436312 -0.4134008125967218 -4.1340081252981226e-01 -0.4134008122998681 -0.4134008100029857   
40 360 0.05621446075270851 4.695641641307483 -0.4582831498110544 -4.5816386732478381e-01 -0.45796599182536996 -0.4557850831764691   
293 2637 0.002139192049486287 14333.273245226594 -0.49813746936601805 -4.9813746936601805e-01 -0.498137467088898 -0.49813746416450794   
165 1485 0.013116162229598868 1090.0752168903914 -0.48058029773195476 -4.8057999047189570e-01 -0.4805792869321258 -0.48057877512348846   
786 7074 0.3250558446976283 133390.83908110138 -0.5145043303510672 -5.1450433033331822e-01 -0.5145043303131744 -0.514504330086505   
582 5238 0.5356099897542657 49575.53872443789 -0.5150201330216946 -5.1502012669874486e-01 -0.5150200910830804 -0.5150200570823797   
158 1422 8.765354735602271e-05 14.376243656097163 -0.4218817577970445 -4.2188175779704179e-01 -0.4218817577970252 -0.4218817577969535   
1688 15192 5134500.764631495 1660.5944524911697 -0.3838055476753092 -3.8351438959366474e-01 -0.383514389445949 -0.3835143891873716   
829 7461 17.83246440373261 33675.256038769636 -0.4980969592347127 -4.9809695923471270e-01 -0.49809691782786414 -0.49809682246156795   
1158 10422 274.8579158964686 69942.45267813174 -0.47527712316866516 -4.7527712311481096e-01 -0.47527712280389467 -0.4752771216493307   
1839 16551 489116.0678012592 157077.05795769475 -0.45941920181461 -4.5941920176990586e-01 -0.45941920164752786 -0.4594192014010354   
569 5121 0.5833682451366986 2811.384652842627 -0.46442452238594056 -4.6442452238594056e-01 -0.46442447158091776 -0.46442442189909544   
38 342 0.19791297231196933 16.407071671172222 -0.4273686856161211 -4.2736868561612112e-01 -0.42736588212000454 -0.4273605531118491   
471 4239 0.2891092288385222 2618.82352854701 -0.46030080006279783 -4.6030076056114888e-01 -0.4603001243809651 -0.4602993352489625   
20 180 0.1980020723234693 3.7155964325963136 -0.5151190233689065 -5.1256580775795013e-01 -0.5082473543512706 -0.4985509252387599   
1169 10521 91.06799642432992 12.926710809582891 -0.48249356387869907 -4.8249356383163272e-01 -0.48249356376625074 -0.48249356312799624   
113 1017 0.09422103132307456 119.3291243850666 -0.49510031748037764 -4.9510031748037764e-01 -0.4947936738436965 -0.4946274905197791   
287 2583 0.08765560983378541 1397.9346403304828 -0.5361036890691493 -5.3610164900709645e-01 -0.536099144255053 -0.5360944396950743   
740 6660 11.019608267770634 3986.065401734573 -0.5195025270058237 -5.1950251507932221e-01 -0.5195024669690447 -0.5195022171647548   
126 1134 0.5720241518550498 92.89877847920195 -0.4677686435176155 -4.6717869610164020e-01 -0.4657479984125517 -0.4545755557194594   
792 7128 3.8990782439658744 34957.94380873105 -0.49416536326665106 -4.9416536156197222e-01 -0.49416535821528756 -0.49416535136372974   
915 8235 81.78209088486146 525.3950201528658 -0.4134008125967218 -4.1340081253862021e-01 -0.4134008124442243 -0.4134008100429091   
166 1494 0.01178855318018734 1063.2367725256602 -0.48058029773195476 -4.8058027016345556e-01 -0.48057953316744967 -0.4805786657835803   
41 369 0.050027139088669986 4.708196922338415 -0.4582831498110544 -4.5822386508368973e-01 -0.4581324995911848 -0.4576732154528435   
583 5247 0.4908571789355081 51754.27975798094 -0.5150201330216946 -5.1502011695962036e-01 -0.5150201034896401 -0.515020080733063   
477 4293 0.38551652981833695 4139.4912245656105 -0.5145131784515575 -5.1451317845155753e-01 -0.5145130554023161 -0.5145129771239673   
21 189 0.2047178558078604 3.9611993061558524 -0.5153241800998287 -5.1532418009982872e-01 -0.5075940226194369 -0.49806764905836076   
1689 15201 6245469.947868794 1794.5827159889034 -0.3838055476753092 -3.8351438966000212e-01 -0.38351438939380117 -0.3835143891179291   
294 2646 0.002135943664501759 14842.115715374288 -0.49813746936601805 -4.9813746833832984e-01 -0.49813746707625983 -0.4981374635532693   
1840 16560 453879.646453839 154314.4051702506 -0.45941920181461 -4.5941920178352902e-01 -0.4594192017221662 -0.459419201614185   
830 7470 16.49570168357687 33492.830364720445 -0.49809696590589697 -4.9809696590589697e-01 -0.49809694509785346 -0.49809685928185415   
570 5130 0.5867602968900024 3003.8654242822454 -0.46442452238594056 -4.6442450512384964e-01 -0.4644244577896857 -0.46442442368735876   
39 351 0.1892438543871519 17.135280285173646 -0.4273686856161211 -4.2736698761864717e-01 -0.42736493569768325 -0.4273624972453557   
472 4248 0.29728183082766835 2771.9021772758065 -0.46030098731726665 -4.6030098731726665e-01 -0.46030043304115187 -0.46030027222766584   
114 1026 0.09574887772815022 118.42924563054372 -0.4951833147216109 -4.9518331472161092e-01 -0.49493765486750696 -0.4947981087601222   
1159 10431 401.2201841214448 73507.52356533335 -0.4752771236245386 -4.7527712362453861e-01 -0.47527712291888374 -0.4752771220687734   
916 8244 81.5723322713515 554.804930044254 -0.4134008126195832 -4.1340081261958322e-01 -0.41340081250297084 -0.41340081154812625   
127 1143 0.5014918969851658 93.05397135717175 -0.4677686435176155 -4.6775065237812258e-01 -0.46570316450657057 -0.46198414784151387   
741 6669 10.325451608205809 4464.282889523546 -0.5195025590185093 -5.1950255901850928e-01 -0.5195024979598702 -0.519502434767726   
787 7083 0.3464047687969597 136279.71937720454 -0.5145043303821984 -5.1450433038219845e-01 -0.5145043303240212 -0.5145043302851424   
1170 10530 78.89789849364062 13.19356061137193 -0.48249356387869907 -4.8249356385072795e-01 -0.48249356375561586 -0.4824935635410659   
167 1503 0.011373180939050674 1034.7695625328981 -0.48058044839673925 -4.8058044839673925e-01 -0.4805799183951852 -0.48057899245987656   
793 7137 3.633574892614395 35390.22667346847 -0.49416536326665106 -4.9416536267325006e-01 -0.49416535815718293 -0.4941653547710566   
288 2592 0.0888014877940393 1616.5684476962815 -0.5361036890691493 -5.3610127137398844e-01 -0.5360964885212479 -0.5360818615921804   
1690 15210 6807336.463689824 1704.9906984904208 -0.3838055476753092 -3.8351438963756446e-01 -0.3835143895606059 -0.3835143885704651   
42 378 0.04526808290448887 4.456595434612452 -0.45829155309644326 -4.5829155309644326e-01 -0.4579250582770194 -0.4547790762546913   
295 2655 0.002222721883434223 15409.671698717417 -0.49813746936601805 -4.9813746885105903e-01 -0.4981374675862999 -0.4981374666051866   
22 198 0.22245489351769118 4.394773099931597 -0.5153241800998287 -5.1522266819455187e-01 -0.5091274424810988 -0.49217578385707994   
584 5256 0.44136288371139987 53399.20481899732 -0.5150201330216946 -5.1502011424719829e-01 -0.515020100805375 -0.5150200239916424   
478 4302 0.3399028573816533 4124.021436166928 -0.5145131784515575 -5.1451313983140645e-01 -0.5145130876605468 -0.5145128003017561   
571 5139 0.5780902862836774 2759.7009182581282 -0.46442452238594056 -4.6442452131176398e-01 -0.4644244806510048 -0.4644244110026697   
1841 16569 443595.2980964434 141884.96392393438 -0.45941920181461 -4.5941920178155404e-01 -0.4594192017210641 -0.45941920155677385   
831 7479 16.070420603078198 35135.4812841849 -0.4980969796912556 -4.9809697969125560e-01 -0.49809693120544535 -0.49809688787761935   
40 360 0.19162037283377434 18.4001920361688 -0.4273686856161211 -4.2736763181853638e-01 -0.4273665494627398 -0.4273638491810972   
115 1035 0.09211094562217961 124.61371407504859 -0.4951833147216109 -4.9506341839280638e-01 -0.49496056774117514 -0.4948821029146042   
473 4257 0.3421134262039218 2977.909391332087 -0.46030098731726665 -4.6030083072872313e-01 -0.46030043195874026 -0.4603001656259755   
917 8253 89.98079346577836 594.8611817738265 -0.41340081267470213 -4.1340081267470213e-01 -0.41340081254668853 -0.4134008124746694   
1160 10440 480.3817225156587 71174.10170946625 -0.4752771236245386 -4.7527712266412392e-01 -0.4752771222040645 -0.4752771200805648   
1691 15219 7719969.311302777 1689.2907471914875 -0.3838055476753092 -3.8351438969732765e-01 -0.3835143893688591 -0.3835143884851482   
742 6678 10.887435841126383 4487.740144927599 -0.5195026095810352 -5.1950260958103522e-01 -0.5195024436036282 -0.5195023427752296   
1171 10539 78.28561439379278 13.253163990126662 -0.48249356390065246 -4.8249356390065246e-01 -0.4824935637511627 -0.48249356367170115   
43 387 0.04437288482601137 4.647833464307191 -0.45829155309644326 -4.5828916195265729e-01 -0.45814465457179876 -0.45626172844192114   
296 2664 0.002330564395862706 17773.554930685987 -0.4981374694247078 -4.9813746942470782e-01 -0.49813746851265467 -0.49813746574243356   
128 1152 0.4265976789135651 92.75352785575926 -0.4677686435176155 -4.6738677214720203e-01 -0.46648894562426196 -0.4624231954377756   
794 7146 3.6368583176173095 32782.33934953374 -0.49416536345342027 -4.9416536345342027e-01 -0.4941653520382735 -0.49416534268417084   
788 7092 0.38728343446279095 115718.8338509148 -0.5145043303858 -5.1450433038580001e-01 -0.5145043303643085 -0.514504330322049   
168 1512 0.010980583877334629 1105.2325399334713 -0.48058044839673925 -4.8058038114881974e-01 -0.4805800496535029 -0.4805793981565736   
23 207 0.20383052683615543 4.48395654529459 -0.5153241800998287 -5.1487048141623171e-01 -0.5118682864287155 -0.4915998488404677   
585 5265 0.3999936895095593 52315.61029577193 -0.5150201330216946 -5.1502011693846694e-01 -0.5150200956749021 -0.5150200691139498   
572 5148 0.6024202738449166 2708.139965906085 -0.4644245474663298 -4.6442454746632977e-01 -0.4644244951425717 -0.4644244313642419   
832 7488 15.469880434001341 35562.86662491493 -0.4980969796912556 -4.9809696339331766e-01 -0.49809693731973276 -0.4980969260327631   
1842 16578 432493.9826557297 149248.03924056177 -0.45941920181461 -4.5941920180935503e-01 -0.45941920172360035 -0.4594192015960314   
918 8262 95.44090309431272 643.2295696065659 -0.41340081267470213 -4.1340081264219730e-01 -0.413400812588361 -0.41340081148350094   
289 2601 0.09689048019721261 1751.6869364148486 -0.5361036890691493 -5.3610261364481793e-01 -0.5360999378074232 -0.5360943603496905   
479 4311 0.35687072572415546 4023.447317201255 -0.514513180924275 -5.1451318092427500e-01 -0.5145130749792504 -0.5145127739857304   
41 369 0.17798273704693987 19.86583395850317 -0.4273687045926514 -4.2736870459265142e-01 -0.42736734985393104 -0.4273621612730875   
116 1044 0.08422176618194716 128.4208892509483 -0.4951833147216109 -4.9511541015375360e-01 -0.49498281110893183 -0.49480556467558284   
474 4266 0.34039541289134356 3223.774355848869 -0.4603010915788898 -4.6030109157888982e-01 -0.4603005268032969 -0.4602991914169086   
1161 10449 502.88053176881095 72875.03584992209 -0.4752771236245386 -4.7527712336143441e-01 -0.4752771217754708 -0.47527711865387207   
743 6687 10.931350511143286 4367.769442423707 -0.5195026095810352 -5.1950260274607796e-01 -0.5195024780153651 -0.5195023662685275   
1692 15228 7712455.853731442 1656.282958301024 -0.3838055476753092 -3.8351438962085926e-01 -0.38351438933018683 -0.3835143886378872   
297 2673 0.002423673842959931 17916.74501507224 -0.49813746961952515 -4.9813746961952515e-01 -0.49813746825236094 -0.49813746676623055   
