% # columns="iteration, evaluation, sigma, void, void,  stds==sigma*sqrt(diag(C))", seed=769577, Fri May 27 14:26:01 2022, <python>{}</python>
548 4932 0.33938216402309196 0 0 3.940396750696367e-06 0.00012437621794710618 0.00041547921682138356 0.0007388701838768265 0.0012210978108661578 0.0005348686835746568
810 7290 11.107232339817669 0 0 9.618992712592365e-05 0.0002729060126377495 0.00035514006116692856 0.001043654054627679 0.004002567605665587 0.0028001985560865837
721 6489 20.58851811227344 0 0 0.00018104033872416923 0.0011914075527676502 0.004127381428303628 0.008000184235511696 0.001327616040164591 0.004526446617808004
1266 11394 4.886774911433133 0 0 4.17276433652028 4.882095767812056 4.521639192039167 4.68665027652201 4.7406234780737595 4.663201485204875
565 5085 0.8636391291895962 0 0 6.391240974211468e-05 0.00019230036266259097 0.0014032804084257151 0.0005396900491796879 0.0036607466425456706 0.009164274687457896
21 189 0.0878056157329774 0 0 0.037951612843652185 0.0562503901751027 0.07484847315286225 0.0652478239861275 0.09539090706823626 0.07297498723428385
148 1332 0.015202690018406077 0 0 0.00013372199249215202 0.0013218936829290013 0.007257124266353114 0.008666642775122906 0.0029074466667177944 0.008122659809016917
108 972 0.2742811419194519 0 0 0.024303942554444433 0.030219427396900218 0.1277241057402962 0.1390356720040445 0.16442201182641913 0.22455765089582141
273 2457 0.002813466253890155 0 0 5.455910445070886e-05 1.3017955493107814e-07 0.00021788986122594497 0.0003359083424965494 0.00030525731168126047 0.00011865066978740391
94 846 0.18687295924214373 0 0 0.0160890379327163 0.04020822323783581 0.06607516658484833 0.12193832974262657 0.3341611169383614 0.16116447926215907
1152 10368 68.56209501907726 0 0 65.15511190406691 77.47162304157662 55.439204968848685 46.46262311098476 57.86109375033623 48.38527610359162
1820 16380 1142468.5083614327 0 0 9.086058966246687e-07 4.726821020766658e-05 0.00010211809381175146 0.0003678495548200764 0.00032274443278517957 0.0003504105430464886
1668 15012 7314913.492419353 0 0 0.0006620995962959375 0.0012059989683623077 0.0015814862888144014 0.003115941664084551 0.0036355439835924312 0.004091806260923597
348 3132 0.00013258541640003008 0 0 7.811292556477823e-07 2.9060714644789428e-06 5.084218902689633e-06 4.143033175976359e-06 1.196923082672762e-05 9.18772016451526e-06
141 1269 0.0003990290054078727 0 0 7.550187652915054e-06 8.633401390033233e-05 2.8037258813993433e-05 4.3021099559101984e-05 1.653269721026493e-05 5.339584866520744e-05
1141 10269 400.8368525382911 0 0 1.9534174047377357e-05 3.4559953413226534e-05 0.00018434242548328184 6.723062887069691e-05 0.0003586273911521576 0.00032923006467833215
19 171 0.38252294568486805 0 0 0.11679933387648199 0.27937379320083094 0.3728331427933249 0.36754159025995153 0.3805859564182671 0.4765937842108488
770 6930 0.35574318510503006 0 0 8.832892828949237e-06 8.894123545154477e-06 3.541880081879308e-05 3.23277053423444e-05 5.141918977663107e-05 1.1076176186524372e-05
270 2430 0.08318645859546438 0 0 0.0004318343092057447 0.0006750363680561057 0.014902998837318528 0.0037825787617057553 0.02080588605423878 0.004702425724747104
1 9 0.24181484771353162 0 0 0.25409186685260976 0.23825253759709716 0.2307596530878381 0.23870086825532721 0.23949411268544465 0.23026276544855426
775 6975 3.9229462203839565 0 0 4.9974884006997364e-05 9.268767583227166e-05 0.00038902318053591885 0.0007201115713000057 0.0003270222506949997 0.0007691861758376406
460 4140 0.21078487183850114 0 0 0.00011067620785439673 0.00033146879602215457 0.00102477100937946 0.0013555176370297507 0.0006625086990545026 0.002509869558942507
896 8064 92.05568928398445 0 0 0.0010665307156347177 0.005085480886150104 0.0030233060262619483 0.002151032470561825 0.004759505917875957 0.00425172484853443
453 4077 0.47411388508448393 0 0 0.0011168882993978554 0.0016236612945911557 0.004149962043896352 0.0031830208274187914 0.017902597389723805 0.01723343763852312
549 4941 0.32961034144839485 0 0 3.904149431142953e-06 0.00012283340968467814 0.00039378781525345317 0.0007075295344466301 0.0011525229088360876 0.000506824310175395
811 7299 10.3713345775033 0 0 8.782347974927107e-05 0.0002607936611447118 0.00032207229626233765 0.0009687110191397948 0.0036537137443169347 0.0025646114886375185
95 855 0.18976824755687308 0 0 0.01659034314612704 0.04169458732347604 0.06620636517988955 0.12559123207563933 0.3331961581042103 0.16750990721835313
109 981 0.2597783307402233 0 0 0.02269489473458793 0.028576917823158503 0.11743804624704504 0.1319128808903949 0.16246024283781715 0.19513881187370893
274 2466 0.002487122295338754 0 0 4.6237239230214744e-05 1.0885192525319322e-07 0.00019107924193136907 0.0002960147165315944 0.000268678196209261 0.00010512250896122436
22 198 0.09185721893289767 0 0 0.04332813728543299 0.05402407575937444 0.0753568260736803 0.06814192841602146 0.09908634645127261 0.07435820760342407
566 5094 0.9230976107563205 0 0 6.88118432790285e-05 0.0002069450092842501 0.001407317914043479 0.000588542777842461 0.004046401364733192 0.00995500461921979
722 6498 16.94881814763346 0 0 0.0001393468732788511 0.0009625505570847366 0.003327136514448941 0.006161919033055278 0.0010725825688082113 0.003596428746859955
1267 11403 5.13596177678867 0 0 4.451767159754635 5.28191309720897 4.752027521205169 4.806496468136924 5.208546271130372 4.924679289185903
1153 10377 72.63063187730508 0 0 68.58447100503903 85.90847654076829 58.55137534045372 50.38213479694598 61.54236909348571 50.96912118988268
149 1341 0.014307592011112326 0 0 0.00012280412985331344 0.0012056138653906187 0.006872258694172765 0.008025530389251816 0.0027223863438687167 0.007562407440334289
1821 16389 1201517.607408663 0 0 9.263252868268094e-07 4.918676940149568e-05 0.0001013632095901257 0.000379319030578582 0.00033601539208818 0.00035722306356981536
1669 15021 7019975.5294614965 0 0 0.0006219746585835166 0.0010864057009808237 0.0016354209693138554 0.0026928632273495404 0.0033621172525428885 0.004017520097886336
142 1278 0.00034774087105989346 0 0 6.376149579451994e-06 7.490194076494534e-05 2.390337991624774e-05 3.59010106185183e-05 1.4447735202078056e-05 4.627433024307816e-05
349 3141 0.00012967879219962918 0 0 7.655527418773332e-07 2.848121383318073e-06 5.372198954669389e-06 3.8246846380073204e-06 1.1660150624803126e-05 8.874753827922051e-06
1142 10278 352.51555729174146 0 0 1.6347115267162515e-05 2.8920807687033118e-05 0.0001548457336082779 5.937122814086681e-05 0.00031606438986503426 0.0002752027551960653
771 6939 0.3515937832045914 0 0 9.012472163188245e-06 9.075041967364558e-06 3.514892375985478e-05 3.215222325758269e-05 5.134680392328645e-05 1.1466493690714654e-05
2 18 0.25564691405172385 0 0 0.2695029433877359 0.24634237480555335 0.22419077490967443 0.2696493413177076 0.27025739733823056 0.2430244707753604
897 8073 114.7945085935394 0 0 0.0014005551666884622 0.0060959229062503475 0.003714953981073262 0.002713905749167077 0.005621686931524987 0.005393582865120455
550 4950 0.33540058953029156 0 0 3.7741880978038903e-06 0.00012331990060475328 0.00039585759652236753 0.0007202893598297585 0.001205396213622427 0.000532553797765074
454 4086 0.46480886686597744 0 0 0.0010563117653257037 0.001512587719666739 0.004066042527002749 0.002911892846173693 0.017164431334265536 0.016025702255594264
20 180 0.4164230127181348 0 0 0.12013717971051581 0.2781095914331669 0.41543911734360556 0.39645425999431605 0.44025196588117116 0.5204146554451027
776 6984 3.8408196721277803 0 0 4.803089708804553e-05 8.908178329178893e-05 0.0003710883986667825 0.0006953843543425729 0.0003102994730229869 0.0007248521725214825
461 4149 0.20891883250822926 0 0 0.00010920564520924688 0.0003270624488796162 0.000995247648262115 0.0012929422074063899 0.0006594461688163132 0.0023594611712911486
271 2439 0.08480034176855972 0 0 0.00043752410922252085 0.0006752608876752646 0.0158097627539215 0.003729784489285468 0.020370591488077194 0.004778466844461333
1268 11412 5.270677474777838 0 0 4.444587268539274 5.128776372530489 4.745298721261467 5.178100659512231 5.34006795633958 5.363667183238169
812 7308 10.03190924810222 0 0 8.329194298891356e-05 0.00025444098495947133 0.00030939061628884585 0.0009377968679453101 0.003465185600697665 0.002486721114470643
96 864 0.16629776523373938 0 0 0.01496535954312358 0.037268996561349 0.057989614848575316 0.10322684535089546 0.2798757242164756 0.1465207843483733
275 2475 0.0026400402847695974 0 0 5.099599555056857e-05 1.2300443102084777e-07 0.00019335625063177678 0.00032911284588244975 0.00030479848618049127 0.0001069202425180028
567 5103 0.9346271417418599 0 0 6.928083684112343e-05 0.00020833794955891 0.0013928560305810887 0.0005816331000566904 0.0037807263586611206 0.009821788316473172
110 990 0.24992340876830116 0 0 0.020062432224023707 0.02531909094332448 0.11098792906563372 0.12313631404625783 0.16224461190488512 0.19380885216490637
723 6507 13.787288170699508 0 0 0.00011058984073627083 0.000782162109136994 0.002473782238849431 0.004911308534862543 0.0008421038505361882 0.002928209860042243
23 207 0.08379258872623424 0 0 0.03913091049606493 0.04557192998448531 0.0683575308224685 0.06054301993185063 0.08812790031515474 0.0672660878109548
1154 10386 66.53818193271496 0 0 62.51153463250497 75.62486682491745 49.90524632775253 43.1234523665129 55.70305853072971 47.0232786141256
150 1350 0.01552394537876274 0 0 0.00013487657220675846 0.001296321713752683 0.007522161305920759 0.00906864905750397 0.0029562728487393937 0.008373859535900875
1822 16398 1299485.6034260392 0 0 1.0265595350394634e-06 5.090602304809517e-05 0.00010588818780861932 0.0004204385082222107 0.0003518353016352686 0.00039577031314763856
1670 15030 6681155.165560093 0 0 0.0005901538263990821 0.001031108036852431 0.001550813421977355 0.002370405752752404 0.003170756976604678 0.003625645964042598
350 3150 0.00011812154373452819 0 0 6.923176372085836e-07 2.5756623895960063e-06 4.950546900204885e-06 3.3716579481194958e-06 1.049962344281483e-05 7.994503135487747e-06
143 1287 0.00031655018539527094 0 0 5.423952482790873e-06 6.935844709403085e-05 2.1180388705711346e-05 3.111428549641524e-05 1.2851102996345928e-05 4.1742838621576514e-05
1143 10287 305.6553038340639 0 0 1.4211421791207797e-05 2.514282350239398e-05 0.0001309512194271364 5.0046424774230616e-05 0.0002646426652051671 0.00022592058767637605
551 4959 0.34733231507286666 0 0 4.139191368416423e-06 0.00013520227285364922 0.0004071906542011332 0.0007330372770874394 0.001179965106767269 0.0005485716592549587
772 6948 0.3227719345649434 0 0 8.257178512491136e-06 8.31448790886775e-06 3.278381339492636e-05 2.7976342969381713e-05 4.799441287570918e-05 1.0323488760293676e-05
898 8082 139.28049660240848 0 0 0.0017366775797514787 0.006954569343834289 0.004437747465934635 0.003378625258055911 0.006654730159601068 0.006795373038834342
455 4095 0.48804822408009574 0 0 0.001100633315024323 0.0016410523337703068 0.004127366093783276 0.0029347557758338284 0.016947677900040235 0.017479945806422384
272 2448 0.1053266866173996 0 0 0.0005686466748878164 0.0008719092168392356 0.019664719177325266 0.004403152850322202 0.026337356777142367 0.006226492748826863
3 27 0.2729236077905949 0 0 0.2994037984206904 0.261200350684913 0.23523811330475403 0.28388203775109605 0.29052024907357016 0.25056601044251936
777 6993 3.8813283729056436 0 0 4.767148661208915e-05 8.841798686904936e-05 0.00035454587143426785 0.0007008424164408069 0.0003098232448045027 0.0006967753625003871
276 2484 0.003013620880047643 0 0 5.9074850564074506e-05 1.4035275943562363e-07 0.00022296766573179765 0.0003844262467263601 0.00035937234846402305 0.00011988775500752346
568 5112 0.8530031037554744 0 0 6.28841604274174e-05 0.00018902443889934486 0.0012451603948206702 0.0005103956708629096 0.0034425959678667205 0.00857022591990769
813 7317 9.53646510324937 0 0 7.768100343934305e-05 0.00024745785419238433 0.00029193828115897094 0.0009635902524295803 0.0032325230439482736 0.0023229747758478437
21 189 0.4657869375874087 0 0 0.12291825164769694 0.3133500707621607 0.49548506751054583 0.45845282493410283 0.5076963546258613 0.6145146145996281
462 4158 0.22612132208510918 0 0 0.00011461208179045309 0.00034311921881247765 0.0010447467777074137 0.0013927608140809297 0.0007218511371588121 0.0024366488752165538
1269 11421 5.891034077941836 0 0 5.042005153341178 6.535430583880811 5.422077107263063 5.571990899603803 5.740457917559341 6.133351499606038
97 873 0.14885759307709104 0 0 0.01321169595923511 0.03225006293577849 0.05146503644028367 0.09240619240566403 0.23964380182164013 0.12585368549717116
24 216 0.07955012855581085 0 0 0.037228930598280904 0.043169013794981226 0.06667998754156473 0.052617923739605665 0.08382440637584206 0.05937458529222852
724 6516 12.235760163392438 0 0 9.237981516565352e-05 0.0006691339784062526 0.0021638430837944466 0.004104044493039805 0.0006897475936782175 0.00258078854351905
1155 10395 68.76655845266804 0 0 66.08591323443716 85.0841558146528 51.2008439448631 42.95562833421162 56.73747520981028 44.910186598254256
111 999 0.2715837436144702 0 0 0.020679549350157672 0.026438225956125577 0.12130282823252245 0.12575731361786674 0.1638688880451206 0.22971324459835302
1823 16407 1177111.12356254 0 0 9.27895463889456e-07 4.3516599110906564e-05 9.576447327780413e-05 0.00038287932334198744 0.0002930867873299536 0.0003577763204183131
1671 15039 7209275.102938968 0 0 0.0006148710225289013 0.001115055653643372 0.001540053949798319 0.0025635367713395005 0.003128442830320907 0.0038906284447659803
351 3159 0.00010841412510322702 0 0 0.00010450754686733841 0.00010745139535339699 0.0001039404152128133 0.00010886169538736797 0.00010691766525695234 0.00010877651702882156
151 1359 0.016349491747110423 0 0 0.0001380905147715862 0.0013461463099935572 0.007833200836857958 0.009421988064951455 0.0031072207697990357 0.008598627198312331
552 4968 0.3436953599333142 0 0 4.250552862558722e-06 0.00014409300943705178 0.0003991479147317406 0.0007256777931439198 0.0011577157125792006 0.0005723300635107526
144 1296 0.0002930505027892703 0 0 4.616203164626732e-06 6.202876812695952e-05 1.892662581256088e-05 2.864510078134255e-05 1.1956881193947472e-05 3.732529365453714e-05
277 2493 0.0029445961080414268 0 0 5.7082469789342295e-05 1.3066194613167127e-07 0.0002182927548746718 0.000371507749976381 0.000341087582768531 0.00011238544099875104
899 8091 131.4490947827594 0 0 0.00163194710936789 0.006334080788205786 0.0038165519314006012 0.0031299324441359105 0.006071922302275486 0.006320266169585393
814 7326 8.631941681800818 0 0 7.097649472281212e-05 0.000217840110446032 0.000267435397003668 0.0008621580405277558 0.002952964425923703 0.0020695353393025647
4 36 0.2761288417132351 0 0 0.30331063924210383 0.2663683122862722 0.22689527362384698 0.2748699836577316 0.30020648853151005 0.2536591427054237
22 198 0.42728065639961893 0 0 0.10903509024153019 0.26437283651570587 0.4495230260569786 0.4262565115002771 0.46137783296059975 0.548135686231348
273 2457 0.13241139914703443 0 0 0.0007339352726521893 0.001090936801841016 0.025014896895718113 0.005078220282832908 0.034953768791015805 0.007960738670708019
773 6957 0.32979867219280734 0 0 8.361186567187324e-06 8.419300047852663e-06 3.597958688968845e-05 2.7782135235138913e-05 4.822767753313084e-05 1.0553732236343573e-05
1144 10296 285.73701260225255 0 0 1.3150206096049877e-05 2.3265452887631634e-05 0.00011167880093264395 4.7105283081466204e-05 0.0002552993871651748 0.00021260176377120395
456 4104 0.488251271130811 0 0 0.0010936993720928926 0.001551118587838301 0.004148510994375103 0.0027054595680318233 0.01719521878441735 0.01685831838274119
778 7002 3.3758951161298842 0 0 4.02935004700928e-05 7.473759394521017e-05 0.0003075190433211717 0.0005810212138924121 0.00026276746770564517 0.0005945795345373863
569 5121 0.8114537669763857 0 0 6.182765897767637e-05 0.00018584873504302036 0.0011357669461558727 0.0004825414483924751 0.0030529468262287664 0.008543708395226111
463 4167 0.22657551687111305 0 0 0.00011538332850444591 0.00034547970701082504 0.0009671562535180513 0.0014163554744085266 0.0007374604165024614 0.002390683663169695
25 225 0.07533604780290706 0 0 0.03152105775489814 0.04073396337514434 0.06159911616340397 0.050668352661448576 0.08093840519103052 0.05420576341514358
1672 15048 7056451.495966524 0 0 0.0006092015491927762 0.0010776973939824756 0.0013129714219600498 0.0025003618465079245 0.0030104434511296525 0.003700002873040479
145 1305 0.00024343820573379907 0 0 3.776608582316677e-06 4.690289684261579e-05 1.5250529598563268e-05 2.3721012710910966e-05 9.91066697508379e-06 3.0731852805408086e-05
553 4977 0.3794561167592328 0 0 4.600855310801333e-06 0.00015714402818056326 0.00044111605362543636 0.0007995199266905637 0.0012902088768538883 0.000598790892059025
352 3168 9.528753150086274e-05 0 0 9.252429820310216e-05 9.272784153506427e-05 9.136911638555138e-05 9.415618361445972e-05 8.913480597271931e-05 9.36887180589633e-05
98 882 0.1278479399978344 0 0 0.010677784559393728 0.026067815049166478 0.04161189942373164 0.07826432698522387 0.19050576496249458 0.10774309772368741
278 2502 0.002738574996460005 0 0 5.184675591306702e-05 1.1171311194965364e-07 0.00020056794991286816 0.00035147284191974873 0.0002948837351006249 0.00010429472302544786
725 6525 12.659485624939682 0 0 9.915979618121849e-05 0.0006829224402425026 0.0024379281744349923 0.004373690356277614 0.0007451348879129317 0.002604641822651005
152 1368 0.018173959868288285 0 0 0.00015530854978682883 0.0015408102475422203 0.008484164919676924 0.010924774307501954 0.003224048727760184 0.009470234951420008
112 1008 0.2746065063330383 0 0 0.021129929679347348 0.02644525009729459 0.12250225616249624 0.12113528069286165 0.1631282576753223 0.23393465967463772
900 8100 117.69709533357138 0 0 0.0013395702584006125 0.0056684393916420885 0.003367171258011284 0.0029260704187457167 0.005273515475851351 0.005956970542884416
1824 16416 1129715.9164233191 0 0 8.592224656102991e-07 4.252871759366426e-05 9.109581964623063e-05 0.00035429658450545254 0.00027248672703777954 0.0003313512667534162
815 7335 7.630251600870058 0 0 6.056384115956222e-05 0.00018590317772056977 0.0002293439430587594 0.0007209636888795367 0.0025196588349728575 0.001792838777529841
1156 10404 83.96025515559356 0 0 83.77629668679985 109.2223042582829 60.04275089226389 50.499113475524574 69.49817739132142 56.19617243663507
23 207 0.4114156684767247 0 0 0.09722419497551915 0.2458246617951529 0.4150277567445154 0.43398761708172484 0.450731906659974 0.5109142185020149
5 45 0.27496562377881134 0 0 0.287218582166772 0.2640363492578597 0.2185719759215589 0.2867903278060271 0.2990195166587319 0.25364463237419294
274 2466 0.15182268878074032 0 0 0.0008103606704332793 0.0011835516646527754 0.027696736656877042 0.005633370688592131 0.03983990531184829 0.008698991128135007
457 4113 0.42625124043268087 0 0 0.0009331433936954449 0.0012145160952777524 0.00367532125258143 0.0023158650888007127 0.014707425222441978 0.013802271415642118
1145 10305 274.6927984781261 0 0 1.2377069197051921e-05 2.189893204688996e-05 0.00010637907137967073 4.508731911809008e-05 0.0002577331585256348 0.0001952813525876337
774 6966 0.32637025975687567 0 0 8.18922398037583e-06 8.246103965242962e-06 3.4603543633291995e-05 2.708410391784828e-05 4.555915493962643e-05 1.1007629510392403e-05
779 7011 2.9098492356167602 0 0 3.3890658402628054e-05 6.286020926953874e-05 0.0002608459898064059 0.0004875693437232289 0.00022021760552830757 0.0004977429835769343
464 4176 0.25139730661212384 0 0 0.00011583132892035964 0.0003468391311471255 0.0011872802907181726 0.0015520549323196165 0.000789011853408976 0.002588774249835259
1673 15057 6789893.024769195 0 0 0.0005849876893243446 0.0010627281823127903 0.0011414240688785522 0.0023787201500419354 0.0028397676466142183 0.00350935742515034
554 4986 0.3852405856935162 0 0 4.397920511343345e-06 0.00015526618389788776 0.00042940548541308397 0.0008131904074782448 0.0013940431499846375 0.0006046160782970892
99 891 0.140647821909751 0 0 0.011995302594172745 0.0285792362708526 0.050938938799919495 0.0842178770466908 0.20321462757688075 0.12501188641100208
113 1017 0.2998622388258809 0 0 0.02348936964752877 0.027946332791331678 0.12572456181962902 0.13079377880006665 0.1817988485951748 0.26362244029810755
26 234 0.0754768980811081 0 0 0.03335976732089452 0.03858363364727219 0.061225222521022894 0.053580778281789546 0.0767451206356493 0.05209012402995097
726 6534 11.10974076842303 0 0 8.667550108012553e-05 0.0005875945714796026 0.0020646818877037266 0.003821087547845153 0.0006479070669533247 0.0022938575596744477
353 3177 0.00010415226001500024 0 0 9.666724840918358e-05 0.00010025703841959024 0.0001012854314696305 0.00010148450165598842 9.809274805168782e-05 0.00010561028134054399
279 2511 0.002850986471373603 0 0 5.631748904355106e-05 1.075492551840829e-07 0.00020731636689214902 0.00035817470235288945 0.0002798922962607486 0.00010942447888282288
146 1314 0.00021668014158304205 0 0 3.2092163182823582e-06 4.107052569263708e-05 1.3111883016573527e-05 2.0583619598023847e-05 8.712585679246675e-06 2.732125791459805e-05
1825 16425 1020507.9801341463 0 0 7.759679902771806e-07 3.8048978443406685e-05 8.075344531389645e-05 0.00031944542347891 0.00024207567854520601 0.0002991363143861575
901 8109 116.45080267888122 0 0 0.0012980749466692794 0.005719586630137849 0.003311206131179602 0.002884607641577561 0.005233209651477749 0.005879943267375899
1157 10413 94.52546380089579 0 0 91.34551085710358 127.43041021168482 63.41019021085738 57.51966116834735 73.63105824657343 64.290480424236
570 5130 0.7834217633472129 0 0 5.809113188193525e-05 0.00017462899342921082 0.0010373130715680846 0.0004759195972885361 0.0029486713657189303 0.008318492802148834
458 4122 0.3796421851265881 0 0 0.0008284792241332952 0.0010977518187058677 0.003158781683904593 0.002052135882763137 0.013122905090174239 0.012376489325753807
153 1377 0.017799454521117537 0 0 0.00014743421063403118 0.0015348994296317398 0.008319441467074758 0.0104233967126288 0.0030724292360999822 0.009064256202947412
816 7344 7.786769381787112 0 0 6.308930032419746e-05 0.0001778600586253753 0.00023655507555651927 0.0007157670430696088 0.0026245962646362633 0.0018028338482167555
24 216 0.345352395681559 0 0 0.07626813703771243 0.2036990858602429 0.34227207974469376 0.35589951244258 0.3745631126306594 0.41060629580151864
6 54 0.28126555971161366 0 0 0.2790657985626545 0.26049853524620376 0.24234462412131655 0.29677326020309225 0.29964608889065664 0.24651781481726764
1146 10314 246.42945758944563 0 0 1.0722532690605576e-05 1.8972035810546572e-05 9.635505961984542e-05 3.887819259489392e-05 0.00023162755311678768 0.00016989611110009565
275 2475 0.15083852911844636 0 0 0.00079773935667608 0.001151894070433247 0.02780455949850951 0.0058135982138319 0.03834779885829682 0.008280933289721128
465 4185 0.25626681986375643 0 0 0.00011266635478138714 0.0003371268383708172 0.0012021959723110178 0.0014783169150717592 0.0007925562187183537 0.002703796303997419
727 6543 9.113888234951487 0 0 6.940046912524902e-05 0.000470989337408704 0.0016531421712633752 0.0030557705128204655 0.0005195569331164319 0.0018839773096883175
780 7020 2.861831465550031 0 0 3.205106105516472e-05 5.9449900514132426e-05 0.00025598464265939934 0.00045874169112256194 0.00020970933803614176 0.0005060244721980276
1674 15066 6163324.752247188 0 0 0.0005155561950881541 0.0009255435746279762 0.0010065485750729514 0.0022150599750231773 0.002629119571311535 0.0032394837352054838
280 2520 0.002730956234398256 0 0 5.308191536918019e-05 9.093205370020335e-08 0.0001937992200069369 0.0003391110033677117 0.0002503902122298457 0.00010406746971739573
775 6975 0.3451194771974109 0 0 8.893709526434902e-06 8.955560017023114e-06 3.6295545397682675e-05 2.7087578666274437e-05 4.805274259103264e-05 1.1649709505430112e-05
555 4995 0.39303538345578987 0 0 4.260277531335701e-06 0.0001561964702329412 0.00044204073969403957 0.0008110064455669619 0.001393635497397817 0.0006179940338598244
27 243 0.08137996363767239 0 0 0.0362604027996413 0.042762253852227684 0.06782520934536747 0.0609227309675347 0.0836791460656712 0.05569544538082427
354 3186 9.065941515806759e-05 0 0 8.085970676302818e-05 8.584374871390332e-05 8.624325572098109e-05 9.082059074726309e-05 8.079309630732836e-05 9.080804252268698e-05
1158 10422 86.27951370822913 0 0 84.733424346857 117.89594636582724 55.24492688755038 53.59897237759206 65.00648722048771 57.71685818305636
100 900 0.15001636933678195 0 0 0.012297453042550834 0.02924116896571216 0.058922494222437366 0.09360913266884065 0.2242679792230757 0.1339507338490771
902 8118 104.72306756795454 0 0 0.0011551525323190627 0.004796536476514217 0.002899747596704191 0.0026095994518573217 0.004672318001965786 0.005301505142731156
114 1026 0.2679253029364907 0 0 0.020154970555067646 0.024596380418583294 0.10926531469980384 0.11511811680928268 0.16439355979264852 0.22657010835381228
1826 16434 941039.8111694622 0 0 7.164788631067931e-07 3.5838407242102675e-05 7.5541766117041e-05 0.00029158327156202855 0.00022521741767456797 0.00027612984921898415
147 1323 0.00021490347841395484 0 0 3.1328255168549795e-06 4.071009311452311e-05 1.2527198705008979e-05 2.0462619532167983e-05 8.96944277001656e-06 2.5174117877147052e-05
154 1386 0.017429837163627296 0 0 0.00014302199591181532 0.0014406640706819405 0.008353161672434951 0.010043723889173137 0.0029086667603554564 0.008854132863499084
7 63 0.26439741594646715 0 0 0.24204435194055673 0.23970416033511482 0.22250414610994032 0.27701128687995424 0.28392444436740977 0.24618544098593223
571 5139 0.6716625596840309 0 0 4.935746219069431e-05 0.00014835265427234312 0.0008554744365406049 0.0003958498269985101 0.0025156221502077125 0.007071102851916373
817 7353 9.307552673027995 0 0 8.191592813182517e-05 0.0002145519741661127 0.0002970348253540219 0.0009102187614950088 0.0034080439325553705 0.002100308161262085
25 225 0.32865312526259616 0 0 0.06924834806337918 0.18680256646390891 0.3144931709789952 0.3403850412860329 0.3677086724754516 0.38120221103151486
459 4131 0.3467097158882773 0 0 0.0007589104145720149 0.0009920198526939372 0.0027773588681258197 0.001777914286948847 0.012319972415486175 0.011103124753380508
1675 15075 5780826.98324471 0 0 0.0004688980440753576 0.0008497078120983822 0.0009050271779895538 0.0020074937521098557 0.0024035966017478642 0.002943663817369403
781 7029 2.973261023897012 0 0 3.415156583776683e-05 6.334551288858433e-05 0.0002584686562872649 0.0004743689695117489 0.0002157753760111464 0.0005704695329138538
1147 10323 203.28384468875984 0 0 8.589969681111547e-06 1.5199170093700777e-05 7.56531494749338e-05 3.117831052205355e-05 0.00018838772143654924 0.00013149177093311213
281 2529 0.0023868911970782013 0 0 4.5911554620277365e-05 7.603921543053868e-08 0.00016491679755366832 0.0002854988617561906 0.00021804119873421762 8.584421534741811e-05
466 4194 0.2458051361551243 0 0 0.00010482779330825336 0.00031361899795650107 0.0011540756218757033 0.001324391186072008 0.0007442322423612175 0.002601233893097115
276 2484 0.14233541870530036 0 0 0.0007281670428098671 0.0010490219592686454 0.026311277361746543 0.005317575185208084 0.035643117738711455 0.00756848455444504
355 3195 9.993399096429057e-05 0 0 8.276121843319067e-05 0.00011696631785009967 9.621903140642356e-05 9.855908902156845e-05 8.529890486676456e-05 9.811237494723671e-05
728 6552 8.65992945072211 0 0 6.697014373485261e-05 0.0004513682044565377 0.001531682219857997 0.0029482370778316034 0.00049985733560592 0.0018411357237277726
556 5004 0.36150453254902876 0 0 3.912187685693241e-06 0.00014406504813653498 0.00040223669602927094 0.0007463835868778587 0.0012226955613767684 0.0005608955279163847
28 252 0.0872118631177083 0 0 0.039902435052025786 0.04156770449106722 0.07245333502174627 0.06852865994008261 0.09159295902393513 0.05806696723683618
776 6984 0.34857928456640974 0 0 9.129475778135402e-06 9.193034157825592e-06 3.5851257083471223e-05 2.9306310027838864e-05 4.917656664777055e-05 1.1722298128993247e-05
903 8127 91.12809761123977 0 0 0.0009356098027198026 0.004263619943422283 0.0025388943511145687 0.0021410049897925814 0.004088134860832318 0.004353805564958728
101 909 0.17342615509675635 0 0 0.014209608396870972 0.03359554169089643 0.0663289524889544 0.10973103597006069 0.250914182851456 0.1579623249048966
155 1395 0.017475448565718463 0 0 0.0001328892461687549 0.0015012620095234584 0.008165556319560698 0.009759793476893614 0.003005102689652868 0.00825109657892161
115 1035 0.26906667378995786 0 0 0.01914478839922648 0.023859745857798566 0.11378704603876576 0.10917566121572873 0.1513391125224103 0.23972846830386374
8 72 0.2623360561416711 0 0 0.2154452124953547 0.23485295948375062 0.23594135618411466 0.27473582065608265 0.29203683138033304 0.2509686320483879
1676 15084 5581781.592587844 0 0 0.00043257129452237136 0.0007736752482568371 0.0008724792644579449 0.0019429164550159514 0.0022985296973875038 0.0029874568534024996
460 4140 0.3545267002780992 0 0 0.0008009606746006402 0.0010853076234479267 0.0027970256896860455 0.001970757999312769 0.012598178839626727 0.012210383167530215
1827 16443 884560.1437046928 0 0 6.599592947762101e-07 3.4665418174085814e-05 6.779977359325382e-05 0.0002705342218618002 0.00022329808570067304 0.00025439002784457567
148 1332 0.00021622599351990706 0 0 3.179619432151595e-06 3.821026049590625e-05 1.2563407323188079e-05 2.0363798722248258e-05 8.793282476786943e-06 2.477854599607236e-05
818 7362 9.78433887075078 0 0 8.59778046003427e-05 0.0002243276570722847 0.000307843949040341 0.0009596448145293904 0.0035769423897463316 0.002155856858188526
1159 10431 89.13350651044733 0 0 87.23199197634767 121.97693098992372 58.6255412680943 55.57455108904004 64.10101255053553 57.70536198248402
26 234 0.32467353398623416 0 0 0.06455650600311746 0.18345031888823046 0.29984249586040934 0.3560796267763296 0.35523046755880533 0.3872560505717425
572 5148 0.7212928750926708 0 0 5.113633261504131e-05 0.00015368650755552345 0.0009307447502250842 0.00042474694006944144 0.0027713394194161124 0.007915408798080715
282 2538 0.002205444546122952 0 0 4.3579562991966615e-05 6.62170129726973e-08 0.0001512535856983928 0.00026478152874896194 0.00019828014754389215 7.936149093849589e-05
782 7038 3.0815542800959315 0 0 3.4713124670523706e-05 6.438873503205591e-05 0.00027232396157550763 0.00048805226002272356 0.00022572446899802597 0.0005912106253412911
557 5013 0.31165309661890833 0 0 3.2550174231045403e-06 0.00012282281271917988 0.000345486889622854 0.0006108279035512928 0.0010397204780366461 0.0004852218179310513
29 261 0.0964960582030901 0 0 0.04284549051590856 0.04344370237330979 0.08694642409203579 0.08768354087462192 0.09979887081824207 0.06272808227186616
1148 10332 191.62691832638296 0 0 8.091803238782922e-06 1.4318000727077048e-05 7.287254251601702e-05 2.9417034235591826e-05 0.00017735631778040183 0.00012524733033007174
277 2493 0.13405099847603427 0 0 0.0006213355679289209 0.0008801039912370403 0.023273880413453962 0.0048779672754857015 0.0328830515031015 0.00728166861552811
467 4203 0.2558032425819124 0 0 0.00010713650690280991 0.00032040176486993155 0.00119143578590735 0.0013562601250105368 0.0007809427454148099 0.0026397521722972975
1677 15093 5425685.179304693 0 0 0.00042087960692115383 0.0007514287556445623 0.0007636454063364834 0.0018136695985220676 0.0022535800812433916 0.0030052707908028
102 918 0.18668122218699323 0 0 0.014978047436685191 0.03505148948278343 0.07023281488487072 0.12487772135280535 0.26374430072387495 0.16917346265171102
904 8136 81.81635610412464 0 0 0.0008598519358518144 0.003773673691048417 0.002292892226780412 0.0017793556793202735 0.00361004077474253 0.0036399589394893253
116 1044 0.26203911639720184 0 0 0.018522081046824866 0.02260813318235041 0.10998732395347098 0.10340712977989704 0.14301995268094234 0.21810264257001158
729 6561 8.550654558327297 0 0 6.648478054062792e-05 0.0004579219098183295 0.0014777651393953792 0.0029351742890151166 0.0005137922747770839 0.0017694717035993896
9 81 0.2588982094172603 0 0 0.20587414456045913 0.22335211993185544 0.22668317540693766 0.2861351729516494 0.28698053808805485 0.242637221077921
156 1404 0.016406694740490214 0 0 0.0001260154321010383 0.001426959437370232 0.00762354247049616 0.009012884631407635 0.002815668839632893 0.007967704863113493
777 6993 0.3507676275690179 0 0 9.422713319472085e-06 9.488397480165579e-06 3.656620232174443e-05 2.7616487215009305e-05 4.800834957025128e-05 1.1738719067450679e-05
149 1341 0.0001902817002941359 0 0 2.7409023398177946e-06 3.14569320375234e-05 1.1049354622197837e-05 1.743765909640225e-05 7.366531572927266e-06 2.0599858348157532e-05
27 243 0.28578223115085477 0 0 0.05408724833877444 0.15436973972354112 0.2509725599861501 0.3269720236912051 0.3029133768058395 0.3327670888593377
819 7371 10.020520721005221 0 0 8.33572954832813e-05 0.00023867562708333487 0.00028450941791640093 0.0009361899628603683 0.0034643817069295786 0.002180916335663709
1828 16452 768346.8185022513 0 0 5.612727637340048e-07 2.9620986034882936e-05 5.940631368418043e-05 0.0002290450847144651 0.00018236661655765866 0.0002164559147564682
573 5157 0.6324011717471552 0 0 4.531760744849911e-05 0.00013618268161491736 0.0008005086768073762 0.00036579422104308695 0.002313369804302095 0.0069915714757828075
461 4149 0.40316511589642884 0 0 0.0009399953420077804 0.0012985107710436798 0.0031859619283857435 0.002279719215008853 0.014342414144469762 0.01492315672678226
1160 10440 86.78761808916349 0 0 85.18627300653408 118.18131566265184 56.61012932405061 51.92060635826435 59.76753609581181 58.633328686321114
283 2547 0.002464324807293936 0 0 4.9516425148614886e-05 7.296235379595988e-08 0.00016707421197017966 0.00031564807139320675 0.00023316420196512933 8.8943467577602e-05
783 7047 3.0647078528038905 0 0 3.469800386937438e-05 6.436254401149985e-05 0.00027677186752767885 0.0004732604360500876 0.00022100228745256683 0.0005882583379008413
30 270 0.09848204859997642 0 0 0.04410236614521985 0.04130657090036543 0.08683801525900446 0.08572372160239311 0.10312615904471306 0.06984881666368668
278 2502 0.1367920670047868 0 0 0.0006325101520400297 0.0008896231030795826 0.021757514876354054 0.004927338212440038 0.033262403366075076 0.007809036854593008
558 5022 0.26309628675876806 0 0 2.559872666924928e-06 9.827743629809667e-05 0.00028916896220963117 0.0004948267266709927 0.0008300081709224142 0.0004013282967493605
103 927 0.18346058401656953 0 0 0.015080798655859484 0.03510332473454449 0.07417398167286696 0.11372518159953118 0.2314957683789928 0.15883530822205882
1678 15102 5212806.837770743 0 0 0.0004209185390181814 0.0007173974710240594 0.0007231616058183462 0.001715395880123664 0.002082722512518713 0.0030247568087171826
468 4212 0.31992048203214624 0 0 0.00013514232019882472 0.0004036820689485171 0.0015045723413313063 0.001681198697669681 0.0009778392672685353 0.0032548058591703928
1149 10341 193.07340212926871 0 0 7.734433042209866e-06 1.3686072027928736e-05 7.357361387221442e-05 2.8433793642162938e-05 0.00018880081848576225 0.00013198951428632473
905 8145 79.10070672531585 0 0 0.0007561689285589549 0.00374235550961988 0.00220181129574529 0.0017058510356185762 0.0036344727149309392 0.0035066922291782936
117 1053 0.29286063435195403 0 0 0.01971958080780114 0.025051154546012432 0.12185834427095112 0.11697606483601744 0.16065818673606175 0.25710374102788647
10 90 0.2645995798103212 0 0 0.2065750746560562 0.23030681475565884 0.22788091065434082 0.2894742139561093 0.29125910622751694 0.2324351830661888
730 6570 8.110081444324411 0 0 5.745612219911544e-05 0.00040747429510059664 0.00137522265492961 0.002538451939154452 0.0004941014925793453 0.0016467368743369633
28 252 0.2717384461500389 0 0 0.05138818446390982 0.1420471780677655 0.22408298481782063 0.30791078271525774 0.28273677269404895 0.3099387475114362
1829 16461 706224.2894336022 0 0 5.117904228942075e-07 2.637722810783064e-05 5.387493774389912e-05 0.00020637861533995204 0.0001705076923690206 0.00019731415617954364
820 7380 13.254401695359018 0 0 0.00010883428202782386 0.00032322218036346387 0.0003783233615709888 0.0012100638251455144 0.004521870679664373 0.0028270465037666197
157 1413 0.01576530424082794 0 0 0.0001199421589916968 0.001245641487401344 0.007261386437804629 0.00882245244558056 0.002732151112324044 0.007443015153758706
150 1350 0.00016987569867687977 0 0 2.3080550754587918e-06 2.676721570071826e-05 9.866830821363338e-06 1.559922238436907e-05 6.638446823761383e-06 1.7884994348176172e-05
284 2556 0.0025731809597438282 0 0 5.1049763417972466e-05 8.256564203019499e-08 0.00016978433640502566 0.00032136924370768886 0.00027670085921601496 9.384545791546394e-05
574 5166 0.5871177393428548 0 0 4.070115939202455e-05 0.0001222420086555161 0.0007540886947738521 0.00033601063197989976 0.0021290776622067535 0.006370688432269573
778 7002 0.3693946281469049 0 0 9.291554019354401e-06 9.35633194430194e-06 3.908546870478848e-05 3.191134734729112e-05 5.027537588149825e-05 1.1814401070054144e-05
462 4158 0.4681895834609045 0 0 0.001076728988559381 0.0014843688014636975 0.0036407594474826468 0.0026406358294197687 0.016480146229650442 0.01708008945273924
1161 10449 90.91522907028123 0 0 97.11848483827922 119.64340519969612 57.511678508368696 51.71691062709949 67.49746666355237 59.01203013392673
31 279 0.10621795379470392 0 0 0.04713383660554117 0.044388491717391135 0.08773439240597306 0.08778255654744285 0.1072003785322626 0.08148571930217145
559 5031 0.22320335554788365 0 0 2.114376071926659e-06 8.1199821790222e-05 0.00024776266719915585 0.00041889612339888647 0.0006534559077286103 0.00032739617970542977
279 2511 0.1350140856527204 0 0 0.0006111647325344597 0.0008601640514575413 0.022535351183202174 0.004611076330647371 0.03244572398858374 0.00761236046220585
469 4221 0.40523069378023463 0 0 0.00015912154895537787 0.0004750198127627511 0.0019932750878219616 0.00212517367516358 0.001251317586450209 0.003954900989040651
784 7056 2.9008436987105 0 0 3.0678577858795204e-05 5.691231555713465e-05 0.00025424736918207123 0.0004447344387248415 0.00020337976618813126 0.0005226694777218056
906 8154 78.81472651742627 0 0 0.0007393741948648146 0.0038272167073846075 0.0021576907516617843 0.0017605541041064829 0.0035758032474948486 0.003596707126613772
104 936 0.17720747221842442 0 0 0.014402753505370096 0.03339412855073744 0.06736752668932616 0.10964956316804329 0.21492895126754086 0.16239200432461823
29 261 0.2927105408508487 0 0 0.056658574627103754 0.15525477082301845 0.23342431714089243 0.3546938132576095 0.31770845816765 0.35778741540050785
1679 15111 4988022.293331086 0 0 0.0003948932077107083 0.0006895830475783798 0.000679944308228281 0.0015628172078866313 0.0019784463608009174 0.0027126584245928524
11 99 0.2675230374455915 0 0 0.21073979574526125 0.22143112043772595 0.23367354281811178 0.29896661075846664 0.29935875963375363 0.23163473275954152
731 6579 8.15464592390434 0 0 5.245794137053226e-05 0.00039576272001340564 0.0013665092710481914 0.002312619078694545 0.00048135396687106423 0.0016869905421822721
1830 16470 613446.5108337026 0 0 4.353950853700034e-07 2.2237500698100857e-05 4.70257249301019e-05 0.00017504441033805898 0.00014728577530351392 0.0001678946202197018
821 7389 15.16839898449465 0 0 0.000123279494076232 0.00037705637358668846 0.0004264862174644617 0.0014181048471113076 0.005122742027103089 0.003231657517468468
118 1062 0.3003047232268422 0 0 0.019743291799510763 0.02549004722446698 0.12879186829353712 0.12281494063282851 0.1591485108142318 0.26541389218237427
1150 10350 194.625643363823 0 0 7.549306982713355e-06 1.3358777841833199e-05 8.094628996153885e-05 2.8602308385301404e-05 0.00018197043207029937 0.0001384890635690168
158 1422 0.01406928110456939 0 0 0.00010598277691228225 0.0010841054583293132 0.006206556504605228 0.007840649864261653 0.00243694972972819 0.006576302276915528
285 2565 0.0023967641064483168 0 0 4.742993721117098e-05 7.504719216406495e-08 0.00015476439006143573 0.0002949304924770613 0.0002550923990603122 8.673521019286712e-05
151 1359 0.00016463209934438087 0 0 2.1226533333789643e-06 2.557163382480792e-05 9.247391194454498e-06 1.4059045102428398e-05 6.656671444941204e-06 1.754904975514089e-05
463 4167 0.49522357008339757 0 0 0.0011256712171204826 0.001430574283302456 0.003710733760757844 0.0026109740216559998 0.017595663715972796 0.016977447918863197
1162 10458 87.13475961695946 0 0 93.6334263435883 109.65568541743338 51.29568041458921 48.03245007250737 65.20350995574208 55.90077271786557
560 5040 0.24094410417277484 0 0 2.23698152943713e-06 8.416361155097002e-05 0.0002680977006207283 0.0004443046114731754 0.0006925612904842252 0.00032561487207670474
575 5175 0.6007797154047663 0 0 4.1839571614898587e-05 0.0001256634999421535 0.0007484465935615457 0.0003304487122216603 0.0021910317818010453 0.006711189398138291
779 7011 0.3714855189351845 0 0 9.31708413547451e-06 9.382076956817776e-06 3.764857177551885e-05 3.364935979105865e-05 4.8413666287324764e-05 1.1545748827854515e-05
32 288 0.09984002109471654 0 0 0.04282715876010075 0.04015460236885108 0.08389045421291978 0.08258552230454655 0.10452968398001998 0.07921126225144849
280 2520 0.11423999645342706 0 0 0.0005194307300146753 0.0007311971076519824 0.01845335020310491 0.003908974631118239 0.02674449727805967 0.006368371342908214
105 945 0.15683020602412318 0 0 0.0124677337244448 0.028502656953164267 0.06062578091427131 0.09876351778825197 0.19050245899776955 0.12923006316175192
907 8163 78.4164980795097 0 0 0.0007270073464914791 0.0038504006848495745 0.00210534856130291 0.0016951092067805952 0.003461617967750964 0.0034903309066394335
12 108 0.22477342009659654 0 0 0.17006130641074488 0.1816122672394262 0.19785198545302854 0.23700608183017466 0.24641894442535708 0.18626082667848237
30 270 0.31884639721297736 0 0 0.06075835998916579 0.16394185312989967 0.24961286590257067 0.38496734333534977 0.368161478412881 0.41117302454781135
1680 15120 4763417.709704069 0 0 0.00038434302484684213 0.0006591465349673014 0.0006167700179478806 0.001505346383699559 0.001851045707261653 0.00251561942874864
470 4230 0.4426695331015362 0 0 0.00017279796693842368 0.0005158524144560697 0.0021951385272374288 0.0022156495391629444 0.0013239215027904972 0.004076297836559174
1831 16479 551811.3762524285 0 0 3.88565451658261e-07 1.9383288289380223e-05 4.256062280488189e-05 0.00015562766529515196 0.00013071749013736868 0.00014982115452929042
732 6588 8.626240063160566 0 0 5.724358067198886e-05 0.0004182865844073441 0.0014617232371952073 0.0025139663061563124 0.0005076120335603262 0.0017723097933516974
822 7398 14.873874999540712 0 0 0.00011897283775693457 0.00037097886305686865 0.0004021442752007568 0.0013788641434382776 0.0049428266101126115 0.0031996563396863753
785 7065 3.278045463873854 0 0 3.4435243574045866e-05 6.388454830464077e-05 0.00028510616644338406 0.0005216567821201965 0.0002311140880800471 0.000599658237498484
1151 10359 182.69492532375153 0 0 7.2161181320294e-06 1.2769604680296575e-05 7.608486271474724e-05 2.565512999599594e-05 0.00015964474415232339 0.00012652003570891583
159 1431 0.013611309471258427 0 0 0.00010993373923683729 0.0010249426537453207 0.005968638658762582 0.007483086072098324 0.0023042793830110476 0.006759947585818795
286 2574 0.0022227807213388976 0 0 4.4389330895519716e-05 6.981562431015699e-08 0.00014666246783980112 0.0002800611850088131 0.0002399371250274763 7.742469705703599e-05
119 1071 0.31894639091427424 0 0 0.022103520324454343 0.026817928624622938 0.13533384382202515 0.12830394145415092 0.1580389025586453 0.28489860080541834
561 5049 0.250296226924924 0 0 2.317510481328406e-06 8.874670080096039e-05 0.0002766910516709317 0.00046932760224671795 0.0007136839260017767 0.0003403249770797219
152 1368 0.00014577089168171852 0 0 1.887767796708381e-06 2.1741198159949218e-05 8.10859118306118e-06 1.2008836887390882e-05 5.474560670416322e-06 1.5056314947574654e-05
464 4176 0.4826740806493582 0 0 0.0010653066763926327 0.0013439211196176128 0.003645131133078909 0.002581758636348273 0.016606041953896068 0.01601191796334423
576 5184 0.5456440869111243 0 0 3.78507668160206e-05 0.000113683086737433 0.000679369363686721 0.00028751584558377494 0.0019683532220262415 0.006067149377562813
106 954 0.16236322653430835 0 0 0.013690124566614859 0.03064982558548071 0.059114539871439484 0.10050356187736592 0.1896790878955984 0.13450674353303027
33 297 0.09419961545333234 0 0 0.04167101269912307 0.0361343314060819 0.07755249845787962 0.07813811813365314 0.09946947335870573 0.07689590680318467
1163 10467 82.84344385127702 0 0 90.3809244160164 108.87192188863831 48.42293307275733 46.647500234602475 57.42480306293487 53.13613992705976
31 279 0.3561706892242668 0 0 0.06551766762405165 0.17652169272591287 0.2621666717153494 0.5060713053019782 0.4133903336549525 0.469545861886103
13 117 0.20801154139779776 0 0 0.1532647341351428 0.1647624028209837 0.180830135927305 0.21760711324820087 0.22525229871698288 0.17096406369383435
780 7020 0.36996167213958303 0 0 9.425602778797136e-06 9.491442139496543e-06 3.794995398791203e-05 3.16946234890653e-05 4.631386840363513e-05 1.1744847491748335e-05
281 2529 0.10491515841249603 0 0 0.0004785605990840544 0.000675895495228483 0.016267346567099904 0.0036530155563867235 0.024186595944785175 0.005922712381485724
908 8172 70.4092486892277 0 0 0.0006248566730328792 0.0033197382585711077 0.0017658955513538378 0.0015251513019416266 0.002961810393304976 0.0031462256072133273
1832 16488 566735.5229441886 0 0 3.946624188082595e-07 1.916749086013053e-05 4.647787796934846e-05 0.00015770102532674398 0.00013270026980589884 0.00015210549068773915
1681 15129 4416983.9680047175 0 0 0.0003485867169805111 0.0006018651277239834 0.0005579037770170181 0.001308742827279901 0.0016792398766876152 0.0024569850817344097
733 6597 8.410708081434782 0 0 5.5738201557908324e-05 0.0003903142452327337 0.0013943703896516226 0.0024293657314017184 0.0004862096753181807 0.0017749307667539998
823 7407 16.37546115952947 0 0 0.00012221012163939204 0.00038609157703450517 0.0004181252599771474 0.0015124392854952695 0.005077024393890736 0.0033993823801505363
471 4239 0.4599858339506964 0 0 0.000174405567897169 0.0005202942689897646 0.0022116279772770725 0.002170315806335036 0.0013652268247262526 0.004114593422021004
562 5058 0.29713814584093423 0 0 2.6761565006313157e-06 0.00010552520439559541 0.0003362629655198318 0.000538154999203264 0.0008702966226205328 0.0004116889503082205
287 2583 0.0021681359704945045 0 0 4.2700467730939925e-05 6.711442845543703e-08 0.00014098582249389034 0.0002609823198973547 0.00023511227488724656 7.077313632968533e-05
786 7074 3.7400325715126073 0 0 3.93473797509365e-05 7.300071443834996e-05 0.0003301864425181615 0.0005939672527915023 0.0002657916654719817 0.0006961578429478006
1152 10368 175.04479113427993 0 0 6.938718268637253e-06 1.227885640075705e-05 7.22952160043959e-05 2.400558547849893e-05 0.00015085242792872537 0.00012262023092640762
160 1440 0.013186391444024361 0 0 0.0001052322937441119 0.0010214726387051181 0.00566903716914894 0.007027753039293828 0.002211277724160548 0.006432383846917782
465 4185 0.4240852354172636 0 0 0.0009310231503369951 0.0011469222801682153 0.0031393984464969803 0.002165628319605422 0.014466107012916982 0.013873479074062159
120 1080 0.3267305998619567 0 0 0.021770801304242027 0.026730976616833192 0.140310981969169 0.12315438100710759 0.15934705199079957 0.311222819587292
34 306 0.08466082685100802 0 0 0.03894443440227291 0.031136492563271348 0.06919213910383815 0.07123001786643136 0.08838327950724956 0.069017698774456
107 963 0.14344502442237828 0 0 0.012198965701897845 0.027183896448858824 0.051349382122739325 0.08402618605593273 0.1654565159238787 0.11011419160590463
153 1377 0.00013029404737997295 0 0 1.54575432645812e-06 1.9420629969813508e-05 7.276643240996338e-06 1.0243301429055105e-05 4.692187914969742e-06 1.3627726807582221e-05
32 288 0.3560218263736999 0 0 0.06532221857906571 0.1667734465870695 0.2528142351405107 0.517532765431525 0.4046906821037431 0.48407084400310096
14 126 0.17561142811353922 0 0 0.124301740743273 0.1344270783292244 0.15069114096662636 0.1750467978439337 0.19122642318487115 0.14275248552491845
1164 10476 84.76050072864133 0 0 97.06262885025643 115.57279178180761 45.373369670047 49.26010930125991 56.3209152388509 52.00008848592422
282 2538 0.08882168019968802 0 0 0.00039435238717615886 0.0005632613156425048 0.013378840012738603 0.0029921497563002966 0.0197235382301047 0.005066900696418694
781 7029 0.3761337073995687 0 0 9.546591294203867e-06 9.613315573892468e-06 3.855655152681624e-05 3.331806273554592e-05 4.4763972272230335e-05 1.1300575523467882e-05
909 8181 74.07207937199895 0 0 0.0006923089213947801 0.0034339780575618926 0.0017487008461767358 0.0015783770775879516 0.0030758865763752504 0.003215960141216024
1682 15138 4699827.918223561 0 0 0.00037582787563762314 0.0006347609073247173 0.0005521106561491674 0.001488545576028998 0.0019509672867299647 0.0026300069787811606
577 5193 0.653859675415439 0 0 4.577509538488036e-05 0.00013743071379425796 0.0008233316459836478 0.00038555174608271344 0.002312341875983583 0.007266429779537861
734 6606 8.22128767805051 0 0 5.409032168881079e-05 0.0003570029377641957 0.0014525960228559088 0.0023305802441543296 0.0004788079946622285 0.0017635678334051805
563 5067 0.3524555409686442 0 0 3.2248683565579938e-06 0.0001316646500972433 0.000394644313991347 0.0006277821303641158 0.0010343990509085383 0.0005296716228993165
288 2592 0.0025637644639145757 0 0 4.813734445044854e-05 7.602195681028766e-08 0.00017658097268369432 0.0002922883068720551 0.00028582036023086044 8.406842960890361e-05
1833 16497 572390.3272981078 0 0 3.7767744455150143e-07 1.9255647762661538e-05 4.631413118684684e-05 0.00015134957931714312 0.00013404912565420803 0.00014558932610975726
1153 10377 159.7818870981882 0 0 5.931037361723195e-06 1.049624739478597e-05 6.432795455172287e-05 2.2534679770952938e-05 0.00013121374645516003 0.0001090049482993876
472 4248 0.46765797572563095 0 0 0.00016661798692763026 0.0004966928053135611 0.002166169656584411 0.0021593960288232104 0.0014178578920838627 0.004092429858319555
824 7416 14.46062990910585 0 0 0.00010407034670292308 0.00033929277270777444 0.00036017493125962296 0.0012657095153654108 0.00432328254621232 0.003015172624342587
787 7083 3.772383580594446 0 0 3.814642990849642e-05 7.077772665962516e-05 0.0003351294780870015 0.0006028754145044449 0.00026842033016224044 0.0006413904553772121
161 1449 0.016011602311630586 0 0 0.00012635395122805601 0.0013335474371479986 0.00686059746363561 0.008614053544459686 0.00287004303647694 0.0076769818358109095
35 315 0.08175257967252085 0 0 0.038112849368834835 0.030064558685017905 0.06666306499111009 0.06422609354120723 0.07816201693291545 0.06944153731183776
121 1089 0.3568953047644735 0 0 0.022601598732231325 0.027937428495648998 0.14909134832840795 0.13083401888521776 0.18007960359211433 0.35984261125703954
33 297 0.3142597957052985 0 0 0.055503228960764456 0.1371071591601533 0.21424880398048401 0.4436664527334894 0.3474817719443825 0.4196845959334732
466 4194 0.4199834972723007 0 0 0.0009296348293533561 0.0011081251541927952 0.00307922638146574 0.0021407785443174595 0.014569774556712174 0.013646855029216537
108 972 0.11901524749127483 0 0 0.010085948852468978 0.02253866790864998 0.04068679899780616 0.06532552414022158 0.13100423919168128 0.086113797554346
154 1386 0.0001201845078630429 0 0 1.4776953867334757e-06 1.699218565742859e-05 6.827786411218709e-06 9.268339863494877e-06 4.044544983772782e-06 1.2495573627205995e-05
1683 15147 4545177.991549561 0 0 0.00036155090750728355 0.0005792470717017919 0.0005345893041703933 0.0013905673191652406 0.0019296895628583997 0.0025663768069706105
15 135 0.20284660401522253 0 0 0.13719723203886766 0.17286255945602566 0.2007771207881243 0.20382026216215898 0.2417852973542516 0.16545869196167962
1165 10485 85.74866957847766 0 0 98.25996854858062 124.9086089282751 43.44586919635612 52.30569728805674 54.56557319564895 53.40439104180573
283 2547 0.08383891542070908 0 0 0.0003702070226696572 0.0005253531032702641 0.012896779417725438 0.0028478268864357446 0.01755190501877444 0.004769529624249355
564 5076 0.3755902077955391 0 0 3.523881529198232e-06 0.00014492347394371314 0.00040755846083326963 0.0006615815611023026 0.0010223244140430052 0.0005836962265484985
782 7038 0.3506173724848261 0 0 8.652329313706343e-06 8.712882189503349e-06 3.65338189250015e-05 3.104906506319548e-05 4.090909357393986e-05 1.0107168150947978e-05
735 6615 8.20091118257419 0 0 5.556936887446829e-05 0.00034982010019301527 0.001536470699818179 0.002394402118431157 0.0004833622521962926 0.0018580308353192498
1834 16506 525256.7896998278 0 0 3.4425186930331893e-07 1.7684293674960044e-05 4.288478070869857e-05 0.00013830807400261178 0.00012043141171860581 0.0001327719828247258
578 5202 0.6509402634832298 0 0 4.2650364443191744e-05 0.00012801828933861725 0.0007878072287066526 0.0003931962919770502 0.0022879444163345975 0.006824957686252338
289 2601 0.002690287946045161 0 0 4.8963285224468845e-05 6.94867978531462e-08 0.00019232772097822127 0.00030323742863656985 0.0002788216281213998 8.698490023970612e-05
910 8190 78.87233234954665 0 0 0.0008058060088583665 0.003582597971319987 0.0018789183957045258 0.0016661601761670877 0.0033751307514857847 0.003366466433482971
1154 10386 169.80775986887508 0 0 6.42909195853977e-06 1.1377907847836532e-05 6.610192582897465e-05 2.437685792112768e-05 0.00013922513403560378 0.00011193365167099238
473 4257 0.471312869094375 0 0 0.00016788614535444553 0.0005004995422184679 0.002162048067970545 0.002293883289017648 0.0014010864105245438 0.004169063812766026
36 324 0.07531381607745585 0 0 0.034562281427302506 0.026273958747076723 0.059761045955337946 0.05649341881923275 0.07258237797582921 0.06140489007391452
825 7425 14.413020712635428 0 0 9.68639509459032e-05 0.0003429825864684936 0.0003330701963096031 0.0012060352745397469 0.0040222772230882895 0.0029945877343464165
788 7092 3.579937498802682 0 0 3.428196268380172e-05 6.360758417808414e-05 0.0003024838474860781 0.0005292828660522712 0.000250719905154361 0.0006057983192660346
122 1098 0.39747734277565455 0 0 0.02544140073632425 0.031065466172787652 0.16211444097813202 0.15019140741324877 0.21201564671457515 0.4108303095127632
109 981 0.10384147448920257 0 0 0.008716565070625579 0.019319082091061618 0.03518882534135712 0.056955541914459104 0.10927971183153976 0.07199543273089298
34 306 0.30858031683628073 0 0 0.048797472098881085 0.1334661239616697 0.2088466721896977 0.424239874677956 0.32844221433925574 0.4238933946103306
467 4203 0.3864359466602176 0 0 0.000824360951923812 0.0010230318512265907 0.002761990875348387 0.0019426782153460674 0.012884238568398852 0.012245241155925481
162 1458 0.015592145300362618 0 0 0.00012155903687147524 0.0013149188010990658 0.006726336921316699 0.007947492471800089 0.0026968123815444473 0.007318050700915194
1684 15156 4889542.687433735 0 0 0.0004016081450942166 0.000593003647955401 0.0005947898147140882 0.0015351731651581043 0.0022390715516030796 0.0027780697909096344
565 5085 0.387682993004477 0 0 3.7101709317509216e-06 0.00015476329546792046 0.00040652586584373555 0.0006686789275971053 0.000989153473115413 0.000623359827760125
1835 16515 521173.94142312807 0 0 3.3957851389647953e-07 1.7387296039821768e-05 4.2444331021520526e-05 0.00013625546898583143 0.00011722198357405359 0.00013097410342106862
736 6624 8.369155695072427 0 0 5.6500419961687135e-05 0.0003519067837604254 0.0015249246895649236 0.0024198579629162017 0.00045894308145213466 0.0018927183823938846
16 144 0.20266706749302257 0 0 0.12353290604193197 0.17211644642225754 0.191388833303849 0.20527034754930543 0.23712529034076443 0.16402708003025177
155 1395 0.00010819714797781997 0 0 1.2944744723085536e-06 1.5267342509041577e-05 5.63090674034488e-06 8.050031410427835e-06 3.6623228761722234e-06 1.1006483252911435e-05
290 2610 0.002604567678315042 0 0 4.7855504167191755e-05 6.632145322590179e-08 0.00018628409382840066 0.00029481474838979107 0.00026235750003884205 8.204454371844153e-05
37 333 0.06852520077038428 0 0 0.03139579963777308 0.022892203758959055 0.05399669846161957 0.04999457588933117 0.06358134227212536 0.05524358765212341
911 8199 79.02673125215429 0 0 0.0008484734296089536 0.0035913458461316813 0.001865291168928549 0.001629893724894983 0.0031487465857225616 0.003301983929864776
783 7047 0.3380975167206978 0 0 8.076140481609898e-06 8.132652721830666e-06 3.626921807124724e-05 2.952710440670629e-05 4.0544762281930046e-05 9.352819321173665e-06
284 2556 0.07915191871377494 0 0 0.0003474745098465814 0.0004905208772465954 0.011696972550598551 0.0026548183739864553 0.015920637483568263 0.004463411249914458
1166 10494 85.31330389861645 0 0 98.25544979192131 126.30404617691616 40.322784637900504 51.541630000966485 54.63437939558555 52.604988716430526
579 5211 0.6910111304697022 0 0 4.483192174705087e-05 0.00013456843834698564 0.0008316223458569106 0.00041658546432617324 0.002484922649076135 0.006967670576160578
826 7434 16.753790420356815 0 0 0.00012611639152811837 0.00039101438547060695 0.0003996076795037387 0.0013035372646018626 0.005234328739311531 0.0034467407836074634
1155 10395 191.24183469910326 0 0 7.669306131142888e-06 1.3573310208357117e-05 7.217769696690851e-05 3.022554906989898e-05 0.00015540461402394821 0.00013259944884676806
110 990 0.09468439678808362 0 0 0.007866440750213574 0.0175376797526389 0.033007295687565635 0.051237854677578 0.09224244637286777 0.06359772186479036
123 1107 0.44334684953443887 0 0 0.027374112229751342 0.03646371122270123 0.18524525417606666 0.1642290715346192 0.2276239661544123 0.4745545895942796
474 4266 0.42424702066424286 0 0 0.00014504910084237223 0.00043249490344955145 0.0020101144686505896 0.002050963035884099 0.0012324380573254259 0.003521292550870107
789 7101 3.934880242949724 0 0 3.651464905168732e-05 6.775841132451467e-05 0.00032033952532383223 0.0005880913236930029 0.00025976533790827907 0.000634436936930612
468 4212 0.38663616352172003 0 0 0.0008214412387345409 0.0009777144847104187 0.00272178970295367 0.001900341891525905 0.012832594286304774 0.011969333009533874
1685 15165 4886589.0558899045 0 0 0.0004052399387140017 0.0005799629661555448 0.0006086821394440346 0.0014771352181469546 0.0023480242162404416 0.0027781865308790193
35 315 0.29233392863422647 0 0 0.04087776270428313 0.12550394315565913 0.19662270540164714 0.4023818724329791 0.30902292475336934 0.42135406062519226
17 153 0.193851797849663 0 0 0.11999648756458534 0.16827819236141603 0.1731242130578589 0.19139141857057035 0.22405949416950166 0.15830274157925078
1836 16524 521365.4002334579 0 0 3.322438718696099e-07 1.8211568616204613e-05 4.1898096897174825e-05 0.0001333833681247334 0.00012025732362550703 0.0001281632737437516
566 5094 0.4314336584911277 0 0 4.078292119472884e-06 0.00017064536386994332 0.0004463720000458125 0.0007280406674799998 0.0011491997488078756 0.0006859688528032194
38 342 0.06423889163269547 0 0 0.02708527162612754 0.021517465531894597 0.05171682568992643 0.04767997083455706 0.060930422657297006 0.05113939907141458
912 8208 89.32364881118455 0 0 0.0010395785383883458 0.0039394096616977145 0.002076478065330521 0.0018261024324406918 0.003562903684918887 0.003689900603509006
737 6633 8.450634316209639 0 0 5.8399152825741944e-05 0.0003576926267324061 0.0015551080279300738 0.002491278840063956 0.0004599365988970241 0.0020093606485192
163 1467 0.014928729472084894 0 0 0.00011134945849314069 0.0012523360322790893 0.006259795905732875 0.007416030816904857 0.002620304039760141 0.006709478999943684
784 7056 0.3417181353301807 0 0 8.151441675716756e-06 8.20845526674698e-06 3.6567207119105806e-05 2.8159057980403172e-05 4.1645697313501434e-05 9.735558280821992e-06
580 5220 0.6239907515920288 0 0 3.917189868629779e-05 0.00011755965535603968 0.0007255337394992771 0.00037665093669939624 0.0022446012948132573 0.006167651471929443
156 1404 9.441612336745384e-05 0 0 1.0299874825593626e-06 1.325267569727641e-05 4.8673337093819205e-06 6.619072646655746e-06 3.198643036713942e-06 9.569433683763896e-06
291 2619 0.002757632266374561 0 0 5.17522909884021e-05 6.477296481542707e-08 0.00019272504123165262 0.00030014249387399307 0.00026367455990676254 8.760549996903023e-05
1156 10404 206.06293839210582 0 0 8.134852259848989e-06 1.4397779320728296e-05 7.661599998018596e-05 3.5322300318407e-05 0.00016994957694049 0.00013683805889077837
827 7443 16.854038516660008 0 0 0.00012145068321312526 0.0003956748943594663 0.0003843182189362503 0.0012854125251096627 0.005039065366665385 0.003344633992854144
1167 10503 93.75653805624889 0 0 107.05511278428503 140.2781595784845 41.27287119673973 56.21716310501156 64.98653835995641 57.99849448948032
285 2565 0.08114704049224515 0 0 0.0003538593971238512 0.0004968640584673565 0.012481408655943499 0.002733706925839944 0.015518141743324934 0.004625547194224052
111 999 0.10402680608654276 0 0 0.008558397189025093 0.01891364626242195 0.03503138524295769 0.06276740647354559 0.0999244204139284 0.0723147749118971
36 324 0.2812560751449967 0 0 0.036705471789154946 0.11874688194709965 0.18587438910938048 0.37892917160677303 0.30402033574613485 0.4200841008561908
469 4221 0.37538063389345494 0 0 0.0007960827668251011 0.0009229341264180318 0.0027480037368923346 0.0017626297164455712 0.012343749683862325 0.01157353280410028
567 5103 0.48976761582034467 0 0 4.902598586931791e-06 0.0002070963760952786 0.0004903961964521833 0.0008254457317361843 0.0012386368821933023 0.0008136344414185245
1837 16533 538478.9282142448 0 0 3.325620218063164e-07 1.915947617264005e-05 4.658322839703487e-05 0.0001341912489103678 0.00011877128887217223 0.0001283485115062148
18 162 0.20321239740504132 0 0 0.1310930639175747 0.18432619408623846 0.19156880595905165 0.2085543389956904 0.23117823034567997 0.17111527578144128
1686 15174 4829644.514846146 0 0 0.000381480493803904 0.0006194559592071299 0.0006029349519956554 0.0014216019235958931 0.0023420498846141937 0.0025563044296897843
124 1116 0.5074676893187529 0 0 0.03083139324110605 0.04184503826829591 0.20831432930046698 0.17874408905606348 0.24204895307453678 0.6002396603227089
790 7110 4.354133847869087 0 0 3.967646856404378e-05 7.36324843059315e-05 0.0003506499929026846 0.0006460229369317599 0.0002680993151204468 0.0006957459801886448
738 6642 8.73210661052512 0 0 6.123191041770016e-05 0.0003636933432723881 0.0016108319532479485 0.0025988331921082417 0.0004638507488954983 0.0020344895542051987
475 4275 0.40965318467682077 0 0 0.00012455296208701197 0.00037164709907521815 0.0019239374912084846 0.0020479592211496717 0.001195625610721006 0.0033903362627766285
913 8217 91.386520866543 0 0 0.0010480636312868682 0.0037341298293391747 0.0021351326166785386 0.0018148209263708444 0.0036495618122457055 0.003645550159915641
39 351 0.057958936183174145 0 0 0.023017942600495764 0.019327373502819593 0.04466894289170117 0.04252194054642197 0.05545903088988182 0.04346201187867865
164 1476 0.013663130167442132 0 0 0.00010110690074530891 0.0011192400332287308 0.0054513868059327475 0.006516781156101013 0.002335715490831241 0.0060869305565063045
581 5229 0.5940591466393054 0 0 3.614382051900357e-05 0.00010848876234741723 0.0006841279779194516 0.0003514504883330886 0.002126808368663125 0.005754191831348938
785 7065 0.35591258828665834 0 0 8.411531844896051e-06 8.470391283529324e-06 3.645729978005652e-05 2.871348465927035e-05 4.546407300333959e-05 1.0304703822864344e-05
292 2628 0.0023657307313181743 0 0 4.2469193676690194e-05 5.387514556818717e-08 0.0001672090108182357 0.00025006773336979054 0.00022415362278436156 7.389549230751487e-05
1157 10413 241.45316603622408 0 0 1.082409662447635e-05 1.9158448541132735e-05 8.80879696101189e-05 4.184202518913118e-05 0.00018828515472067524 0.0001497013311295583
828 7452 17.61869208827238 0 0 0.00013159363791943776 0.0004406462363095737 0.00040453136856405815 0.0013171781527604898 0.005460007323720406 0.003452906872037247
157 1413 9.344325449039041e-05 0 0 9.907629164483393e-07 1.3115865450372317e-05 5.221997696111788e-06 6.2461326563866105e-06 3.0257599136077903e-06 8.889567339356109e-06
1687 15183 4758671.83384327 0 0 0.0003554155054319045 0.0006039336344538433 0.0005805473607403672 0.001361022780139594 0.0022154965655406685 0.002429315111187657
568 5112 0.52873929942907 0 0 5.434175778774829e-06 0.0002295900339753748 0.0005276736502461926 0.0008762300046516964 0.0012715989981101298 0.0008905366736461695
37 333 0.2311002953364149 0 0 0.028484762872202047 0.09706377135482586 0.13963114569307875 0.2951563970430678 0.24667706816934987 0.3465772580045508
19 171 0.20802412649334828 0 0 0.13682105726976498 0.1898648619191564 0.19150311731635292 0.2155504296075869 0.23415421184753016 0.17002053183898405
1838 16542 556065.3955334936 0 0 3.743213822333825e-07 1.8805859989802207e-05 4.594324728904453e-05 0.0001497161235110746 0.00011874873847497318 0.00014452234767543985
1168 10512 97.33465866843767 0 0 107.80940549676168 141.57890070237042 42.586348770873755 54.7199455126539 69.492221844456 59.385568893958634
470 4230 0.33166895535409097 0 0 0.0006574392842146595 0.0007998383739772545 0.0022742413001475724 0.0015500345034212127 0.010103643994928631 0.009761625694558154
112 1008 0.09896807840465911 0 0 0.007858433486894592 0.01746036825577841 0.03346093353570147 0.059703800921641306 0.09162817231536279 0.07070030288006156
286 2574 0.08351584645114665 0 0 0.00036633941987225044 0.0005134278452647817 0.012774817500622034 0.0027054915474164828 0.01583607448703246 0.004643224468259871
125 1125 0.5448049203595273 0 0 0.0339196675754673 0.04637072326883338 0.21478942835518247 0.18112532498446607 0.2605353426341261 0.6622377092127313
739 6651 9.745357420742964 0 0 7.331986855123481e-05 0.0004144745452563268 0.0018018370770948948 0.0030905133825981984 0.0005162128857118371 0.0022092504619403144
791 7119 4.1182444929449336 0 0 3.4744382840824226e-05 6.448075737234897e-05 0.0003290385329596497 0.0006000378063599929 0.0002509923944354308 0.0006551647711948077
476 4284 0.3754300952492797 0 0 0.00011608137459611762 0.00034634398841882437 0.0017465295008772322 0.0018588421038308153 0.0009895588994364873 0.0032152585007698456
914 8226 84.47868321445354 0 0 0.000946510650730164 0.003431623284572042 0.0020514422448635167 0.001637624692192936 0.003235825306414981 0.0033388041386622834
40 360 0.05621446075270851 0 0 0.022297402472810916 0.01763605869476527 0.04201591543239863 0.040860819573490643 0.055055833289339044 0.04142555853311463
165 1485 0.013116162229598868 0 0 8.821659843993806e-05 0.0010725474416236804 0.005178707742272978 0.006029766274193615 0.002271405014317641 0.005405322918309661
293 2637 0.002139192049486287 0 0 3.8409162504515904e-05 4.342369930861661e-08 0.00014553752504683153 0.0002216252496586959 0.00019397366330570863 6.36252878744596e-05
158 1422 8.765354735602271e-05 0 0 9.181336957092048e-07 1.2145277206978116e-05 4.486420495966416e-06 5.735934254568908e-06 2.7871088066603803e-06 8.345493863565666e-06
1688 15192 5134500.764631495 0 0 0.0003771203210468225 0.0006482899412430572 0.0005883472113606688 0.0015789458457147784 0.00239243851567966 0.0026432170635953076
786 7074 0.3250558446976283 0 0 7.1200757177895894e-06 7.169930005818942e-06 3.203445264036377e-05 2.6450971651912222e-05 4.116915901208231e-05 9.517811730692093e-06
582 5238 0.5356099897542657 0 0 3.410045078909219e-05 0.00010234544306839393 0.000614317440621967 0.00030109206747071183 0.0018947648423429525 0.0050908640514139205
20 180 0.1980020723234693 0 0 0.12543220202268898 0.1677720790283084 0.17660590693783057 0.20445628689478137 0.22854991330162164 0.16138744308850583
829 7461 17.83246440373261 0 0 0.00013322250692194624 0.00043179359172110444 0.0004048186647410412 0.001290115912673811 0.0055267959250006335 0.0036266532889922968
1839 16551 489116.0678012592 0 0 3.1898265842252933e-07 1.6352336151943e-05 4.053751001665668e-05 0.0001272740413431118 0.00010174291074397938 0.0001231496056484127
1169 10521 91.06799642432992 0 0 98.88579492525089 133.61546381292462 38.95492037892492 46.17320812148255 67.74834269873652 54.42749045220254
1158 10422 274.8579158964686 0 0 1.25033734461745e-05 2.2131123035611015e-05 9.894206282550774e-05 4.854163378638726e-05 0.00021184685700550895 0.0001682356325952551
569 5121 0.5833682451366986 0 0 5.803787843387576e-06 0.0002477202158643621 0.0005783513714444435 0.0010172909767451987 0.0014131753980009853 0.0009754628363253976
471 4239 0.2891092288385222 0 0 0.000556952718100242 0.0006888342750642553 0.0019353393259011228 0.0013552113770549888 0.00879478448154319 0.008137069506786183
38 342 0.19791297231196933 0 0 0.02268192628156505 0.07837275313588345 0.11696708264972021 0.2461446310619541 0.20713734320063504 0.29458742326515863
113 1017 0.09422103132307456 0 0 0.006876545675514679 0.014714824584424356 0.0329742508934414 0.05671531279614215 0.08099725532703891 0.06655686454226421
287 2583 0.08765560983378541 0 0 0.0003992754002851778 0.0005570832752738166 0.014849955778409564 0.002770896615318749 0.016708263439298536 0.0048609725496933055
126 1134 0.5720241518550498 0 0 0.036424715828705635 0.05073965947252262 0.2094902107169539 0.18808177074329302 0.28900262926364056 0.6686166480554314
740 6660 11.019608267770634 0 0 8.253398183389941e-05 0.0004922957686532204 0.001967119648032637 0.003482538690659226 0.0005697831069354143 0.002531389686633695
792 7128 3.8990782439658744 0 0 3.07837430770549e-05 5.713448119443265e-05 0.00031459118040080527 0.0005250324211285047 0.00023660535482664284 0.0006225353089281439
915 8235 81.78209088486146 0 0 0.0008908201120271066 0.0032761026559911333 0.0019221104938642523 0.0015648549159660876 0.0034613044570871864 0.0031733822780056643
166 1494 0.01178855318018734 0 0 7.360828759277952e-05 0.0009828623041619193 0.004591013375977574 0.005282283106662444 0.002018525519504639 0.004509376147736306
294 2646 0.002135943664501759 0 0 4.0684834227919795e-05 3.997866061882423e-08 0.0001430125416233881 0.00021597701959881954 0.0001812039462919252 6.415878191512749e-05
1689 15201 6245469.947868794 0 0 0.0004600564480682351 0.0008131518186811926 0.0007153117803749015 0.0019599092089074783 0.0029481575573690384 0.002999609462251124
41 369 0.050027139088669986 0 0 0.01939951531484242 0.015607319766945377 0.0353686942180969 0.03698008164646998 0.04833488334896781 0.035710282639213956
477 4293 0.38551652981833695 0 0 0.00012170966206678189 0.00036294378182985196 0.0019004747768773442 0.0019250188846282473 0.0009775244896444975 0.0032507368411090333
583 5247 0.4908571789355081 0 0 3.111572543758603e-05 9.337564984988916e-05 0.0005592946050480863 0.0002768225435444581 0.0015945910319552878 0.0047258052999779926
830 7470 16.49570168357687 0 0 0.00012371395835661692 0.00040062999123359683 0.0003716826317826428 0.0011617125605332538 0.005132488021781132 0.0033127078095413274
1840 16560 453879.646453839 0 0 2.836231434710714e-07 1.4518837735571289e-05 3.5381622050711375e-05 0.00011393299301027082 9.039903289088767e-05 0.0001095094088369465
