% # columns="iteration, evaluation, void, void, void, xmean", seed=769577, Fri May 27 14:26:01 2022, <python>{}</python> # scaling_of_variables: 1, typical_x: 0
895 8055 0 0 0 -0.10315259487423967 4.035013563618796 4.3132970423755586 5.2696271465758455 9.636146424469862 7.924518599850706
452 4068 0 0 0 -0.05124702687239265 2.9127133861765455 6.354263467374655 -0.03489459012817065 6.532555698119291 -6.070767249449746
548 4932 0 0 0 -0.24439829885960412 -0.046717002535991516 -0.0499052033102866 -0.04840587332281136 10.550689997383387 -0.05339227908102723
810 7290 0 0 0 0.46629557531592486 4.249835159600436 -0.04505950020758861 8.444491742641192 0.3764698812472413 12.647427374771823
21 189 0 0 0 -0.04348548074717777 -0.4495426553301677 5.265857504475381 0.7584428650054654 4.421141481487135 9.99595952756509
148 1332 0 0 0 -1.396129388356553 -1.3628050705210573 6.346154494543231 8.448492824769223 -0.05292263789130809 18.48417182289455
721 6489 0 0 0 1.4897488121450824 4.266921738458981 -6.448807800994676 4.768465477847982 -0.05079987173970374 12.64654036208675
108 972 0 0 0 0.6454654079447607 0.968777532304116 8.112066185004556 8.545559447868342 10.803159196705689 7.451836897556935
273 2457 0 0 0 2.1501817336324534 3.5021871902198134 6.349512985237816 8.450499831249555 10.553265825594837 -0.04984520179609711
94 846 0 0 0 -0.2501064616783845 -0.6302470551170164 -0.12019908533248161 8.633628643539268 0.22218854434566104 13.18484207359432
1266 11394 0 0 0 -17438039.778704748 1233001155938.4487 16801997061.217648 13141323.159338817 -91472973065.19206 -399316870.7435148
565 5085 0 0 0 0.6357210579991522 2.1368433688657213 6.351744652513922 -0.04984739474087819 10.55014144602236 12.658793699574803
1152 10368 0 0 0 37244686145.57059 88265270116.00029 1039681.0078314013 1474479.7727702765 -764891.4703248926 902175.0477788396
1820 16380 0 0 0 0.9754946654686905 4.24998747355115 -0.04988445300659713 8.452026500690259 10.549894273236486 12.699760962842848
1668 15012 0 0 0 3.349615572553384 1.5846340455535841 4.336828358235399 2.6882798342688745 6.190561218645913 8.236925000926313
348 3132 0 0 0 0.6108783274812152 2.049155872926799 6.350007939591897 -0.05000343126805435 -10.649990813666982 12.650004678258565
141 1269 0 0 0 -0.04999753596047625 3.17820681006545 6.349970236787363 8.450014235204794 -0.04998159287828733 -0.05001201767131609
1141 10269 0 0 0 0.5879350743822244 0.9475868584616618 6.349838047075327 -0.050014143700565505 10.550489325826865 12.649973704888906
19 171 0 0 0 1.0993026120485858 4.356394491794526 0.042158959293609355 8.696853255514732 1.361891334131638 3.207357219049757
770 6930 0 0 0 1.0561468964635472 1.267718980772966 6.3499896587781395 8.449976699877487 10.550006935360676 -0.049996069013729695
270 2430 0 0 0 0.012438645414224821 0.0465000014023805 1.222621431191128 -0.05386604778112165 4.160216299383854 -0.051309750901678254
1 9 0 0 0 1.4073644010009094 3.3568446580004885 5.706759268114711 5.012333275708049 0.5962776902142819 3.241086987795375
775 6975 0 0 0 0.7674198516660377 2.3830914310572284 6.349912196129227 8.450371447628612 -0.050206014193955414 12.651740205337155
460 4140 0 0 0 0.6360148315560394 2.153800010080621 6.34810696663261 8.44952353161476 -0.049689012225182204 12.656408869935195
896 8064 0 0 0 -0.10273195175245732 4.040170707702519 4.311087107257509 5.269973192620879 9.638731176983468 7.924565841300242
453 4077 0 0 0 -0.05059556499008475 2.912174154099685 6.35428544558188 -0.03702442009834229 6.523388188254722 -6.061509527665179
549 4941 0 0 0 -0.24439956011068592 -0.04677171389080155 -0.0501619998590239 -0.048795628561856694 10.550504901619908 -0.053182219189396
95 855 0 0 0 -0.24366099265573105 -0.6462153049116128 -0.17465419318676173 8.636237884627825 0.1788161265667394 13.035546034234121
109 981 0 0 0 0.6450952082141495 0.9711641304683674 8.152365969943729 8.440279403976847 10.620478757524621 7.615200241790956
811 7299 0 0 0 0.4662370249309137 4.249827866273277 -0.04527876544246519 8.445460255588365 0.3788935910586815 12.64727609044488
274 2466 0 0 0 2.150191254486224 3.5021871886789557 6.349671756434754 8.450377582732619 10.553248533740774 -0.04983758878977165
22 198 0 0 0 -0.10263614344071954 -0.4341519250827801 5.260523252507202 0.7647625628967689 4.471559188422538 10.001581075422848
566 5094 0 0 0 0.6357338009543703 2.1368817782604657 6.350812145010567 -0.050310496698055145 10.547832962847075 12.652786600019052
722 6498 0 0 0 1.4897983701229596 4.267084650412361 -6.448554924096263 4.766797824145222 -0.05014885524223855 12.648543147902549
1267 11403 0 0 0 -17438037.357987933 1233001155940.4631 16801997059.04937 13141322.423838612 -91472973059.61963 -399316873.4365674
1153 10377 0 0 0 37244686089.82372 88265270170.07088 1039727.7105307959 1474438.4607607767 -764864.1265037927 902216.1365159418
149 1341 0 0 0 -1.3962544801312442 -1.3621813665718352 6.349517824090611 8.447706108736574 -0.05334218858429175 18.492380507438142
1821 16389 0 0 0 0.9754943410503456 4.249992734575603 -0.04990147574996746 8.452190573578472 10.550040915894353 12.69963670301803
1669 15021 0 0 0 3.349392425793813 1.5852117552361538 4.335046219795027 2.688468457508746 6.1930732773570885 8.233660936199549
142 1278 0 0 0 -0.050002517630278555 3.1782170516611985 6.349984084437622 8.450028069845176 -0.0499941900280362 -0.0499993304264018
349 3141 0 0 0 0.6108780349907807 2.0491547847671416 6.350002250679314 -0.050004359809915966 -10.64999016402487 12.650007382399593
1142 10278 0 0 0 0.5879379797061427 0.9475817224741001 6.349792678644001 -0.04997970225937417 10.550148191797415 12.649904089085581
771 6939 0 0 0 1.056135227393776 1.2677072308732222 6.349970796647012 8.4499725171687 10.5499774813225 -0.04998478465445434
2 18 0 0 0 1.4990958784889286 3.42779995336644 5.740472959783933 5.262746614023937 0.36189873494660263 3.2889562060771445
897 8073 0 0 0 -0.10422853732475364 4.039206573626123 4.310692847433172 5.2669629878727475 9.641686419909155 7.93049629614856
550 4950 0 0 0 -0.24440018096814137 -0.046831941088717084 -0.05036685877698318 -0.048558860361197595 10.549649499018406 -0.0527786112849263
454 4086 0 0 0 -0.0516670297583234 2.912689579229605 6.356043983492128 -0.03724239639932358 6.5396116793947465 -6.07444475630668
20 180 0 0 0 1.0513798646727481 4.256319316164359 -0.1271985787745592 8.800458651762732 1.0127937828677738 2.8503041409672054
776 6984 0 0 0 0.7674424444082301 2.383049491648005 6.349938166536866 8.450457112561963 -0.05027292333807303 12.651652855002673
271 2439 0 0 0 0.012182599508773023 0.046804632522391365 1.2311707450480056 -0.05284562890456537 4.166590026502175 -0.04903491432385258
461 4149 0 0 0 0.6359777155639056 2.153688473854458 6.348620846510964 8.448745336009983 -0.049192672033353244 12.655657332116279
812 7308 0 0 0 0.4662352303489419 4.2496679297532225 -0.04535337180075746 8.444888397166382 0.3789830823513046 12.647584436925202
275 2475 0 0 0 2.1502399199553084 3.5021873290263854 6.34972719978518 8.450197989422168 10.552901502287723 -0.04989144656545107
567 5103 0 0 0 0.6357233831634457 2.1368501400548996 6.350639796065401 -0.05028058942009305 10.547920118960736 12.648663929248778
1268 11412 0 0 0 -17438040.824657895 1233001155940.3062 16801997062.325981 13141317.136533475 -91472973060.9628 -399316877.10618144
96 864 0 0 0 -0.2526765110682516 -0.6221895881933758 -0.2020937585491218 8.60765865438587 0.12193557314629676 13.033157918847476
110 990 0 0 0 0.6473458371206857 0.973078402287207 8.18911037545396 8.401957816957186 10.55867141721558 7.723824668268696
723 6507 0 0 0 1.4897698611019554 4.267158172605377 -6.448821904729688 4.7679871031628025 -0.05022723668021826 12.6491846243019
23 207 0 0 0 -0.10020609253264938 -0.4384185780327605 5.270749927894327 0.7627906084808693 4.462962232133345 9.982640756762068
1154 10386 0 0 0 37244686099.54738 88265270186.65631 1039706.0977165308 1474454.1217071111 -764866.0925074912 902217.5191589856
150 1350 0 0 0 -1.3963606035311225 -1.362546066482567 6.349624677312922 8.44524368535712 -0.051387382295610594 18.498610080278276
1822 16398 0 0 0 0.9754937684246174 4.2499894832789264 -0.04988722297537172 8.452423949028798 10.549852000667114 12.699416649795484
1670 15030 0 0 0 3.3489471276439433 1.5848494851462676 4.335217781395533 2.6884588884407936 6.19350446904547 8.234793900586244
350 3150 0 0 0 0.6108779108070851 2.04915432276356 6.350001806281835 -0.050005075189816575 -10.649989741797759 12.650011843489278
143 1287 0 0 0 -0.049996910442012925 3.1781696122947936 6.3499955774948225 8.450017865420724 -0.049990004073081275 -0.050004914749565504
1143 10287 0 0 0 0.5879396689312024 0.947578727048029 6.349738164216871 -0.04998189219202377 10.550124332543318 12.64987778019249
551 4959 0 0 0 -0.244404151709557 -0.046944268907981944 -0.05014906953030564 -0.0483082565322719 10.549920815320764 -0.052603725578723844
772 6948 0 0 0 1.0561340215052057 1.267706016443263 6.349992914851696 8.449969640126287 10.549974713115537 -0.0499901687893503
898 8082 0 0 0 -0.10508808943982416 4.040795027526721 4.310237472317494 5.2646106302841105 9.641796002980838 7.935552369804875
3 27 0 0 0 1.7570251149159597 3.606876549575256 5.736345552566419 5.259981407389624 0.4122929838733443 3.3008455616017467
455 4095 0 0 0 -0.05240241479226297 2.9138653930668017 6.356854003332323 -0.036385629841606516 6.546830718170812 -6.088421391294439
777 6993 0 0 0 0.7674548890781125 2.3830263618687293 6.349945839866934 8.450546953084336 -0.05028786549932965 12.65159012425039
272 2448 0 0 0 0.011640535293354484 0.04759034951212495 1.2355786931372412 -0.04970277018797652 4.172140139074103 -0.05160881681666435
276 2484 0 0 0 2.1502797508752516 3.502187401028288 6.349863266783575 8.44999520809344 10.552703570374359 -0.04993656814139952
21 189 0 0 0 1.0207829163596094 4.1012241052151905 -0.4726704778495543 8.906535541741405 0.8139029358802795 2.452115249621323
568 5112 0 0 0 0.6357519001863385 2.13693584742674 6.350981090017289 -0.05018769386426591 10.549213125386375 12.64797437778255
813 7317 0 0 0 0.46623866572144873 4.249629225267423 -0.04539971553709701 8.444263668876152 0.378855237662407 12.647631802849803
462 4158 0 0 0 0.6360256983683363 2.1538297384616008 6.34870267305189 8.449312787605955 -0.04913241484994321 12.656773249574385
1269 11421 0 0 0 -17438037.935979526 1233001155947.2524 16801997057.711733 13141315.483922765 -91472973063.93152 -399316880.8321096
97 873 0 0 0 -0.24851790838317744 -0.6260231731788922 -0.22007188591150983 8.64097474582978 0.06655027183079429 13.151630420599336
24 216 0 0 0 -0.11630788668935611 -0.43761905366999104 5.294782360255088 0.763953484585476 4.500695952611943 9.980430049811028
724 6516 0 0 0 1.4897915872771248 4.266807201815722 -6.4500958853086825 4.766838044491887 -0.0499892945436691 12.648527133782242
1155 10395 0 0 0 37244686073.77317 88265270275.60172 1039721.462410992 1474445.9525213924 -764866.8344393893 902206.3040377253
111 999 0 0 0 0.6474960098704975 0.9702180834255498 8.21452873199003 8.499495398340432 10.621159490682464 7.903926270430273
1823 16407 0 0 0 0.9754935358634794 4.249997672454569 -0.04992877593908135 8.452527442008892 10.549845410605014 12.699325607590241
351 3159 0 0 0 624219.7168620096 -167736.18574459135 209.43990439281325 -26.231355140635053 -120.54086230363541 213.94952741286116
151 1359 0 0 0 -1.3963270736318194 -1.3631440491267077 6.352063626130322 8.445497178965091 -0.05057762070318282 18.496384647781277
1671 15039 0 0 0 3.3490121636325902 1.5846568670079981 4.334592534931966 2.6876260056307126 6.193654090354719 8.23283065928134
144 1296 0 0 0 -0.04999446096245892 3.1782047541543372 6.349993752469223 8.450010130460983 -0.04999621055781024 -0.0500066013954793
552 4968 0 0 0 -0.2444054298763494 -0.047005961579567435 -0.05032135816029646 -0.04816016926666939 10.550175693052951 -0.05232879020190066
277 2493 0 0 0 2.150265676370278 3.5021873864800703 6.349883426606236 8.450123867784484 10.552666225611954 -0.04989417049728302
899 8091 0 0 0 -0.10450713417083939 4.038289029971287 4.310333894997877 5.265821634786095 9.64052104319861 7.933149570849644
814 7326 0 0 0 0.46621362983803566 4.249682305550322 -0.0454795071779024 8.444790529367797 0.3798871706349365 12.64700105140788
4 36 0 0 0 1.8826326482642246 3.632189013837523 5.679279878945266 5.278682426288497 0.2180222342088565 3.2175546598597387
22 198 0 0 0 0.9889449457437403 4.204022879547248 -0.1687608270870622 9.040739465711912 0.8702519801643477 2.6106104761623734
273 2457 0 0 0 0.010915547678813498 0.04844787223080179 1.2386964071212028 -0.04975484734075162 4.207599094123644 -0.05605630093645681
773 6957 0 0 0 1.056132186086692 1.267704167344818 6.3500215105483715 8.449958716758237 10.549960645494295 -0.04999034021893102
1144 10296 0 0 0 0.5879375237077354 0.9475825220358887 6.3497712666728034 -0.04994468843295459 10.550064930363375 12.649765556553188
456 4104 0 0 0 -0.05227145654722079 2.9141128163911856 6.358927367449326 -0.03551038423148848 6.544231387564542 -6.089107299851454
778 7002 0 0 0 0.7674376443880394 2.3830583687107736 6.3497904261658835 8.450797404915832 -0.050159864742674726 12.651464818264756
463 4167 0 0 0 0.6360676291142164 2.1539573919981843 6.348905511075677 8.448045070114045 -0.04984749902292372 12.656050720636193
569 5121 0 0 0 0.6357867693747521 2.137040771565908 6.351207363499011 -0.05050521806996688 10.547398676842203 12.643968992022115
145 1305 0 0 0 -0.04999659196289462 3.1782175511597526 6.349983693820103 8.450009709025366 -0.04998733252079796 -0.05000362070377535
553 4977 0 0 0 -0.24440509666295707 -0.04697121692930657 -0.050307004313387645 -0.04851396162127596 10.550701578909976 -0.05268993897406791
25 225 0 0 0 -0.12144192151065784 -0.4170034576801302 5.256592765871875 0.8047772536933182 4.428129552295083 9.956693959157315
1672 15048 0 0 0 3.3494496684804806 1.5855250785565653 4.334160736241506 2.68701600763964 6.192667360228208 8.233351864754296
98 882 0 0 0 -0.25190536615304093 -0.6180941757327634 -0.21329208945021924 8.612095958819191 0.09983306590400014 13.169574200106648
725 6525 0 0 0 1.489883917749617 4.2664207406426025 -6.451974364955819 4.762849295121704 -0.04947351920818612 12.646821581797505
278 2502 0 0 0 2.1502271022978827 3.502187320715701 6.349841004309764 8.450474726686577 10.552802269554414 -0.04996570148380244
152 1368 0 0 0 -1.3964185650086696 -1.364043194011082 6.350923245422817 8.45500563706524 -0.04990679570507457 18.50091385679647
352 3168 0 0 0 624219.716938524 -167736.1857178523 209.43983571085172 -26.231403886685754 -120.54083146987813 213.9494852848861
112 1008 0 0 0 0.6321876990875054 0.9624356364813426 8.157951955601813 8.497024647136332 10.643536182723626 7.930165170721104
1824 16416 0 0 0 0.9754937021470473 4.250033632815685 -0.04995673937891105 8.452450957711601 10.550020234228601 12.699390556390373
900 8100 0 0 0 -0.10456702215813471 4.0349576645005465 4.309752325679653 5.268729339650568 9.643357758221894 7.92728138781875
1156 10404 0 0 0 37244686011.38991 88265270368.77504 1039710.940781239 1474387.9300602062 -764857.952806772 902242.2583610687
815 7335 0 0 0 0.4662410404131815 4.249671332902031 -0.04538656675806274 8.444965880122936 0.37874881196884824 12.648310690239637
23 207 0 0 0 1.0046017671078278 4.301245073045714 0.07110915617133551 9.429309517246184 1.1622237533130275 2.670427685875125
5 45 0 0 0 1.8967276176962224 3.5326071167201083 5.71384114151554 5.471218686937548 0.01035193798734832 3.3296405702285448
274 2466 0 0 0 0.010706030318642281 0.04870489019698146 1.2525521761471068 -0.051923234757480015 4.200400963412227 -0.054163742707331035
457 4113 0 0 0 -0.05158414523193812 2.9137261316919956 6.3548854715568455 -0.034736767619398215 6.53419239995472 -6.080514709656164
1145 10305 0 0 0 0.5879288709384027 0.9475978360834029 6.34976351998903 -0.04994314512228536 10.549882624263322 12.649848954305703
774 6966 0 0 0 1.0561312775487819 1.2677032530520513 6.350004680365957 8.449959933564005 10.549972834577924 -0.05000116392550142
779 7011 0 0 0 0.7674418005489715 2.383050647413115 6.349826044979125 8.450499103078952 -0.05026862645642856 12.65136055327831
464 4176 0 0 0 0.6360482625432571 2.1538990207268776 6.350051321909302 8.448114994859665 -0.050058126577563096 12.654298095572923
99 891 0 0 0 -0.26187408584715044 -0.5962563932279458 -0.15771062499572547 8.610923966338822 0.08028089815793103 13.292202247879407
26 234 0 0 0 -0.0788631956193889 -0.41175622213856944 5.242664537602272 0.8458354370544876 4.4148187638222645 9.957952981963562
1673 15057 0 0 0 3.349346204095781 1.5861327784184487 4.334585867158862 2.6873615473107897 6.191317990690537 8.231783828711595
726 6534 0 0 0 1.4898669505932742 4.266471933152973 -6.451696107350597 4.7636071650261185 -0.04961259045344671 12.64957677644624
353 3177 0 0 0 624219.7169274143 -167736.18577523102 209.43978591200602 -26.2313118087447 -120.54078670162698 213.94937697760366
554 4986 0 0 0 -0.24440447761570355 -0.046982456946324545 -0.050138748890203824 -0.04818096635991562 10.549180713655996 -0.052477423242364374
113 1017 0 0 0 0.6152576328617781 0.9766425943741539 8.183569903436988 8.489327635512414 10.494183795617728 8.030171663816223
279 2511 0 0 0 2.1501800248978764 3.5021873006790125 6.34991268477071 8.450290898038913 10.552848197650171 -0.04996793794975618
901 8109 0 0 0 -0.10372747330725167 4.0298673564722876 4.310793376366678 5.27059727137296 9.640515112614446 7.92329081967762
146 1314 0 0 0 -0.04999988305533553 3.178231262925067 6.3499918091164735 8.450018081420389 -0.04999172021443175 -0.05000332390013798
1157 10413 0 0 0 37244685990.9045 88265270427.96925 1039721.9295913804 1474381.3820403325 -764837.4990030379 902276.5259432591
1825 16425 0 0 0 0.9754942834531478 4.250048409645017 -0.04993991266240593 8.452222504174472 10.549900992258282 12.699613295010273
570 5130 0 0 0 0.6357773232401824 2.1370124562980957 6.351136539082126 -0.050758224031568364 10.54986983183526 12.639855869731912
458 4122 0 0 0 -0.051749247769778246 2.9130207379503763 6.354859677061064 -0.0364410728601211 6.540529173889699 -6.077729741583491
153 1377 0 0 0 -1.3963070559554642 -1.3646451812589877 6.3548494388642185 8.453731269669591 -0.05087843248414682 18.493933643250752
816 7344 0 0 0 0.466272132694014 4.249584940908967 -0.045330728968359754 8.445000052155077 0.3774631059764165 12.647737916770062
24 216 0 0 0 0.9956099861322996 4.196110414637266 0.2385107641395829 9.163439510767764 1.1185371786339846 2.8531660869087836
6 54 0 0 0 1.8567625338112643 3.5067537661397017 5.98236446657896 5.498397123827072 -0.07847097726458854 3.3307294789355213
1146 10314 0 0 0 0.5879270050141954 0.9476011371739741 6.349740975458849 -0.04994189706500899 10.549883388855964 12.649953639676722
275 2475 0 0 0 0.010674902707023001 0.04882633277707641 1.2278914193156467 -0.056161660282070085 4.212852596645613 -0.05541643305041212
465 4185 0 0 0 0.6360485663102584 2.153899401720497 6.350347354673395 8.448377104203622 -0.04976949056634215 12.653365548252829
727 6543 0 0 0 1.489823869193437 4.266693455826888 -6.450254209749264 4.765464711799832 -0.049851096930657465 12.649463926769803
780 7020 0 0 0 0.7674313521412993 2.3830699950226117 6.349757669654825 8.450707382336642 -0.050134099544262394 12.650861047114095
1674 15066 0 0 0 3.3490943039246415 1.585956950350041 4.334132710293533 2.688813514783508 6.194011850455393 8.230778387918866
280 2520 0 0 0 2.1501587528275654 3.502187261222013 6.349813338519035 8.450322398556601 10.552954316080061 -0.05001556053265602
775 6975 0 0 0 1.0561246045093722 1.2676965332703192 6.349981089963554 8.449963389188296 10.54997944955565 -0.049999463338440096
354 3186 0 0 0 624219.7169052785 -167736.18574062642 209.43979924873236 -26.231333216482177 -120.54082182609744 213.94941164566427
27 243 0 0 0 -0.046861373871934175 -0.442522217513841 5.23412422534609 0.8872414077672927 4.4434447831213015 9.98266641699172
555 4995 0 0 0 -0.2444066826882503 -0.04705378389084549 -0.04975691411858272 -0.04785390462447455 10.550084606258332 -0.05232822606524273
1158 10422 0 0 0 37244686052.77725 88265270396.90628 1039709.6474962829 1474424.1927500304 -764870.5077392189 902249.3961687682
100 900 0 0 0 -0.26215765552436104 -0.5958650174375325 -0.11320262212580083 8.713611337399806 -0.16762722782806733 13.331021089972232
902 8118 0 0 0 -0.10354044465521696 4.03066874699662 4.309783316687933 5.26974805863051 9.639698205817748 7.925584552847015
114 1026 0 0 0 0.6245771761189225 0.9669743423987439 8.126338329069362 8.50914909095136 10.537889577175289 7.9120415035747165
1826 16434 0 0 0 0.9754941226052067 4.250018903821075 -0.049873463892349056 8.45227385755138 10.54977802710741 12.699550965358323
147 1323 0 0 0 -0.049998867557458866 3.178250051566379 6.349991834575543 8.449995096806653 -0.049999788239022055 -0.050000938899780675
154 1386 0 0 0 -1.3963401734553993 -1.3649813515072031 6.352392644292517 8.450424310918553 -0.048830061907796304 18.495958271232343
7 63 0 0 0 1.827526091809282 3.5463693361445925 5.975152627711474 5.481831429186298 0.07046557487483696 3.0645064686955497
817 7353 0 0 0 0.4663374027283983 4.249509319331693 -0.04512224737191265 8.445781797665337 0.37474377734616404 12.647360494580525
25 225 0 0 0 1.0497733305475663 4.206457175055349 -0.04431375573004337 8.974165232476114 0.7372017103820769 2.538892772885233
571 5139 0 0 0 0.6357773285890581 2.137012472494982 6.351056329291427 -0.05059967923085909 10.54691809995632 12.641660238967408
459 4131 0 0 0 -0.051375189458630025 2.913525504193713 6.354245217144494 -0.03723807326500042 6.5307633997593415 -6.077196812099918
1675 15075 0 0 0 3.3489520019609484 1.5864822064919586 4.334247688587986 2.688352797609374 6.192917558123525 8.232314645323841
781 7029 0 0 0 0.7674159265860606 2.383098601497577 6.349866144912864 8.45071629792477 -0.05000407346928088 12.650491586281383
281 2529 0 0 0 2.1501539416377486 3.502187253221879 6.349870436983347 8.450350028635908 10.55297594550052 -0.0499895446854677
466 4194 0 0 0 0.6360078630184799 2.1537772216230007 6.350428033010686 8.447573033546975 -0.05030353702190921 12.653112420920078
355 3195 0 0 0 624219.7168988526 -167736.18556511923 209.43977779519844 -26.231370268594212 -120.54079347721802 213.949405753651
1147 10323 0 0 0 0.5879264381124628 0.9476021417125113 6.349761118842255 -0.04994946559291663 10.549930903662968 12.649939023353665
276 2484 0 0 0 0.010434455967371803 0.049071320273860075 1.2525118211223272 -0.051585249689829984 4.209680063893188 -0.05670279084444948
728 6552 0 0 0 1.489870944614011 4.266352944132268 -6.451762406158057 4.763341497470231 -0.04948215887063036 12.651241184041359
556 5004 0 0 0 -0.244408139879194 -0.04710576184198669 -0.04976640578414138 -0.04782483066334938 10.55026083834864 -0.052153803077903085
28 252 0 0 0 -0.02131542191142964 -0.4273827157898113 5.210973387901433 0.9199510554487532 4.478975020223674 10.000574711839377
776 6984 0 0 0 1.0561233950335422 1.2676953150309809 6.349977332256707 8.44999280970645 10.549980325390818 -0.049985152825027315
903 8127 0 0 0 -0.1039447524277671 4.029780575735854 4.309221769292241 5.2696986117225535 9.642269675384632 7.9256385531215185
101 909 0 0 0 -0.2643771735253625 -0.6008856294801441 -0.0881204427690465 8.596526248243755 -0.0029614331881716027 13.12688911969992
155 1395 0 0 0 -1.3963767144522579 -1.3657699941619597 6.352411450686875 8.455754098042794 -0.047609658791892814 18.49758652832715
115 1035 0 0 0 0.6317610851372385 0.9607247065518394 8.210747666249006 8.451397798273577 10.59964011971542 8.18861766913012
1676 15084 0 0 0 3.3489024075740566 1.5864566710915944 4.334203650236938 2.6882005304716725 6.1932798756507825 8.234921048174964
8 72 0 0 0 1.8824179648940542 3.4431785508164854 6.145853238554779 5.5485680477846815 -0.18151980067930185 3.1092539645978188
818 7362 0 0 0 0.46634165078154705 4.24954757030803 -0.045139560558452786 8.445845949311915 0.37456875479086976 12.648086752537626
460 4140 0 0 0 -0.050989556311787344 2.912021703001544 6.354748576547768 -0.039092429378080135 6.530814974031507 -6.064197185367982
1827 16443 0 0 0 0.9754943303596243 4.250029670996672 -0.04992283739646408 8.45218497778442 10.549602390990241 12.699630694629187
148 1332 0 0 0 -0.050001106417796065 3.1782398902742823 6.3500025415747965 8.449992625886894 -0.04999703482281741 -0.05001197170020644
26 234 0 0 0 1.0485610583974243 4.371089250929139 -0.1262392336914818 8.622204178082601 0.9251150579119547 2.6280585757946873
1159 10431 0 0 0 37244686071.432175 88265270408.43884 1039649.5119372556 1474429.397331527 -764905.0389609416 902259.9396276206
572 5148 0 0 0 0.6358044860310109 2.1370940737782256 6.352040946598179 -0.05070032458569613 10.545366238490441 12.648531711143288
282 2538 0 0 0 2.1501553484031866 3.5021872691643616 6.349873563381082 8.450286931883612 10.55290344340994 -0.0500618907264898
782 7038 0 0 0 0.7674072434057483 2.3831146849753186 6.349807845946 8.450325422061738 -0.05000453410976424 12.65034818091633
557 5013 0 0 0 -0.24440872272108347 -0.04713854391694909 -0.049976197135458436 -0.04776961347430943 10.549926542412798 -0.0519438282103186
29 261 0 0 0 -0.021435279890059264 -0.3940190097034717 5.140378602325451 1.003360888313908 4.43919999635921 9.987360876758919
1148 10332 0 0 0 0.5879237285763513 0.9476069382882419 6.349824731810871 -0.04996566848943601 10.549869689121703 12.649985524192797
277 2493 0 0 0 0.010532900525578303 0.048900584612699846 1.2463103766506187 -0.052277604332497875 4.2229112473509165 -0.0510163928839218
467 4203 0 0 0 0.63611345588827 2.1540922928774457 6.350596326837643 8.447442501980172 -0.050727263367065394 12.654044890073525
1677 15093 0 0 0 3.348905353421364 1.5866482117033431 4.3345539870830665 2.6876781529528215 6.19200617411495 8.2364777244839
102 918 0 0 0 -0.2601663597745538 -0.6113630591495964 -0.10021630354944881 8.4979476860202 0.09884943753149053 13.143609448908576
904 8136 0 0 0 -0.10350363403060217 4.0339771528720725 4.309447981835547 5.270894077398864 9.642558694754124 7.9230847372386375
116 1044 0 0 0 0.625380184820589 0.9662044224598588 8.199952646513182 8.42869262589033 10.674191028769103 8.146233159279813
729 6561 0 0 0 1.4898730110336 4.266253889417251 -6.45107025999773 4.763204905591023 -0.049052823793032184 12.651133068752879
9 81 0 0 0 1.826466683786403 3.4920814518183265 6.038787581481426 5.137093507501559 -0.10795311826180225 3.066028743963234
156 1404 0 0 0 -1.3964888801981414 -1.3638614911421514 6.348656575220138 8.445854255810096 -0.047653345975227954 18.505712196203234
777 6993 0 0 0 1.0561181544295017 1.2676900374716762 6.350008876740132 8.449963750569754 10.549973433236664 -0.049987410947061814
149 1341 0 0 0 -0.04999792136953101 3.1782510286158354 6.349998351235329 8.44999114241203 -0.049999043159582306 -0.050008615196833105
27 243 0 0 0 1.0494560747097101 4.355086725745458 0.06828646448186698 9.010900065438761 0.7846369333602605 2.5337377386726785
819 7371 0 0 0 0.4663495149921586 4.249425350562519 -0.04518721613629786 8.445479914057035 0.37425500640589804 12.648477705167133
1828 16452 0 0 0 0.9754937990365852 4.250030324043418 -0.04992965964736765 8.452403386360755 10.549715271069331 12.699426013978409
573 5157 0 0 0 0.635822641025377 2.1371484218740804 6.351953779082455 -0.05056230860657579 10.547331501327273 12.646882637376677
461 4149 0 0 0 -0.05030601362957084 2.911408314249301 6.353529063542221 -0.04005804851673235 6.520622690492593 -6.053638741689807
1160 10440 0 0 0 37244685990.9587 88265270391.2104 1039669.6635228589 1474413.585890232 -764853.4031513229 902200.5272081819
283 2547 0 0 0 2.150140668858402 3.502187307750942 6.3499082130079465 8.450035923922599 10.552668242428904 -0.050014591853910224
783 7047 0 0 0 0.7674256723904461 2.383080508942278 6.350100870517089 8.450407326366582 -0.05019533076143599 12.650263258198825
30 270 0 0 0 -0.016310468539523143 -0.40397106761693513 5.234292748126963 0.956340039117071 4.504443853318023 10.070232469549785
278 2502 0 0 0 0.010474316696107218 0.04897161703159138 1.2446577225970485 -0.051509801539429925 4.23228124509788 -0.04658707433355402
558 5022 0 0 0 -0.24440879040533867 -0.04713166361866367 -0.05002482939454028 -0.04789437831876969 10.549664547574364 -0.052044222369535285
468 4212 0 0 0 0.636246905553501 2.1544882659392974 6.349330636138631 8.448154810548992 -0.05077238909240214 12.65477436519924
1678 15102 0 0 0 3.348473138673954 1.5865718160477695 4.334401259646182 2.68816515706396 6.192531132746462 8.232757730903279
103 927 0 0 0 -0.25697783047901157 -0.6140599996555252 -0.03451317085714513 8.609949046945502 0.06139753405349523 13.2340090206561
1149 10341 0 0 0 0.5879292583652788 0.9475971553960733 6.349779606691 -0.04995277763328473 10.549663899244301 12.65007615403399
905 8145 0 0 0 -0.10374150127384453 4.036374253864248 4.311250455021674 5.271071847821174 9.63986658602818 7.922295144326054
117 1053 0 0 0 0.6134467729384983 0.9836512142413469 8.279251151966507 8.398173186140081 10.541908395762007 8.361188636178882
10 90 0 0 0 1.9393513508573608 3.4746053840711513 6.171958793701654 5.035980810630769 -0.11799318114839151 3.056409628322685
730 6570 0 0 0 1.4898526527420721 4.266183473058633 -6.450691221995317 4.763910874228464 -0.049515306285455515 12.651118942377089
1829 16461 0 0 0 0.975493678570551 4.250023153415304 -0.04993699080040198 8.45244711562791 10.549602197371161 12.699380089416323
28 252 0 0 0 1.0423010028699227 4.265458979978255 0.008108542870407728 8.926657797138594 0.5736660052256766 2.2918745600705908
820 7380 0 0 0 0.4663058697701845 4.2492763577231125 -0.04553359645108386 8.44535583054941 0.37609384400170753 12.648236907941675
157 1413 0 0 0 -1.3965459813394188 -1.3641573190331078 6.347897361697893 8.442485999382429 -0.04646813733361099 18.5090234280814
150 1350 0 0 0 -0.049998256153054116 3.1782465995657367 6.349995618105563 8.450003646987387 -0.050002429482744644 -0.05001036293099726
284 2556 0 0 0 2.1501867120006404 3.5021873885023456 6.349836332040654 8.450014950285043 10.552409395158179 -0.04998120491872674
574 5166 0 0 0 0.6358138264359384 2.1371216100583137 6.351861561744907 -0.050731965454159915 10.54634249039365 12.651425825970477
778 7002 0 0 0 1.0561169810961544 1.2676888555325103 6.350021391275498 8.449929641929812 10.549985600619245 -0.04999210925233206
462 4158 0 0 0 -0.05009268897396022 2.910766083278799 6.3534208868315325 -0.04152732979692084 6.51978525640513 -6.047637763997163
1161 10449 0 0 0 37244685896.07889 88265270427.56282 1039658.9981019666 1474389.9774276009 -764791.3812743806 902230.2053955959
31 279 0 0 0 -0.015852555858928627 -0.4271576434126629 5.23247124828841 0.9171135692347889 4.495436696914434 10.15141344843891
559 5031 0 0 0 -0.24440892571431388 -0.04713753423215907 -0.05012630065280485 -0.0478082617710858 10.54979547885348 -0.05203162752980727
279 2511 0 0 0 0.010701594619177118 0.04866807224277532 1.2634983122226906 -0.05229119283835241 4.209574354920946 -0.053082360370823825
469 4221 0 0 0 0.636340338075186 2.154765443343122 6.349024725492939 8.44799869321698 -0.05105113773266316 12.65322034027039
784 7056 0 0 0 0.7674411289288783 2.3830518178416593 6.350039956141278 8.450461987701281 -0.050218861078025034 12.65023759244674
906 8154 0 0 0 -0.10351179128665251 4.0384498823453585 4.310315468100883 5.269355592289757 9.64011583909761 7.926098383907374
104 936 0 0 0 -0.2595578181766682 -0.598208100175295 -0.060615482599830545 8.716768512257657 -0.04774235961947266 13.378039317951162
11 99 0 0 0 1.9149333125033732 3.559432989057161 5.904564301635943 4.937518749367108 -0.3341940003475939 3.1485267500793572
1830 16470 0 0 0 0.9754935469644506 4.250024196350891 -0.049922667831803276 8.452492955569404 10.549766858667114 12.699329578587664
29 261 0 0 0 1.0028870924260345 4.1668128335187244 -0.19380708706983463 9.210265614744213 0.3652635086459778 1.9633715952869701
1679 15111 0 0 0 3.3485996827712095 1.586895055498542 4.334383609547411 2.6870213920382864 6.190770050362359 8.232487918559322
731 6579 0 0 0 1.4898447352497048 4.266047350761868 -6.449797389853024 4.764129037042318 -0.04947140752484723 12.650250610795558
821 7389 0 0 0 0.46632476270131806 4.249194016180601 -0.045462728599532945 8.446838951377085 0.3752877557374471 12.647403312224785
118 1062 0 0 0 0.6188332994185398 0.9795226015488118 8.328615887761712 8.294588588679131 10.521020094428113 8.457968292052493
1150 10350 0 0 0 0.5879257100287727 0.9476034320740775 6.3498671252489425 -0.04996327012296374 10.549671805495475 12.650177899872753
158 1422 0 0 0 -1.396553529006441 -1.3637872630739527 6.346528600335696 8.440074645263284 -0.04644815464841075 18.509702803353044
285 2565 0 0 0 2.15017302408132 3.5021873575338254 6.3498024758317735 8.4499004658478 10.552515885284393 -0.050036639778328784
151 1359 0 0 0 -0.04999882741425078 3.17823692519754 6.349998097826046 8.450008698729933 -0.05000689489497686 -0.0499966616473721
560 5040 0 0 0 -0.2444108034810712 -0.04720375399444028 -0.050198957960963506 -0.047838620633936575 10.549768176941726 -0.05190949653445598
463 4167 0 0 0 -0.05093781971697708 2.9110881329930183 6.354060127347478 -0.04201108606212135 6.53274492743586 -6.0571755891765795
1162 10458 0 0 0 37244685863.79314 88265270448.61444 1039666.308496039 1474358.528366553 -764791.7310978078 902261.8310366173
575 5175 0 0 0 0.6358394882903154 2.1371988422249117 6.352075317863722 -0.05090831972194178 10.547155025995032 12.655308297599596
779 7011 0 0 0 1.0561132652759426 1.2676851140364431 6.350007877642462 8.449914609540645 10.5499787283796 -0.049996929891970396
32 288 0 0 0 -0.029343709354953503 -0.402999095489352 5.176295431933689 0.8764404261311154 4.503891010232523 10.097943959060744
280 2520 0 0 0 0.010680392499131042 0.04864227407950441 1.2566375941667856 -0.052711539097882135 4.218862075108497 -0.05552603007893916
907 8163 0 0 0 -0.10341800584497302 4.040028831953046 4.310644487361013 5.268733843920883 9.637898929532751 7.927499740325645
12 108 0 0 0 1.8471837676106335 3.5992526599939954 5.873456817033849 5.092435050942389 -0.1356095310697393 3.0758357421069356
30 270 0 0 0 1.0180854906054406 4.132914651393106 -0.09409577033485465 9.51000761839064 0.10649564994415084 1.7924961886385282
105 945 0 0 0 -0.2562959814441347 -0.6043614567892941 -0.07387123094313268 8.664564074819301 -0.05962728660205961 13.363134963128516
1680 15120 0 0 0 3.348340049484691 1.5868677310835742 4.334312695887906 2.687429969118074 6.191499654302243 8.232448703840046
470 4230 0 0 0 0.636289667764808 2.1546122265749283 6.350765256277185 8.447895072247595 -0.05116430834470367 12.654535098260888
1831 16479 0 0 0 0.9754936177397634 4.250024535935848 -0.049899002911119116 8.452461956631888 10.549871936999288 12.699357259269195
732 6588 0 0 0 1.4898329135462294 4.265916372880053 -6.449192889075314 4.764517448767361 -0.04959519313999074 12.65033382944462
822 7398 0 0 0 0.466258539748816 4.249501439081109 -0.04565254377663674 8.446817442852195 0.37803588881403416 12.649556351072583
785 7065 0 0 0 0.7674386759937921 2.3830563429683926 6.350130019660704 8.450092995967896 -0.050283061267144574 12.649647990808104
1151 10359 0 0 0 0.587920873977213 0.9476119947325002 6.349820212322962 -0.049956660257411106 10.549771775918533 12.650060645402272
159 1431 0 0 0 -1.3966340732539255 -1.3644752197637302 6.345951892706816 8.444257909220804 -0.04720136971406993 18.51422782629507
286 2574 0 0 0 2.150170041232559 3.502187387297122 6.349733943249556 8.45012236193681 10.552399987025318 -0.05002288156459127
119 1071 0 0 0 0.6458973126197425 0.9586411107348289 8.350110180816099 8.345882009577705 10.4803770085357 8.557807818214485
561 5049 0 0 0 -0.24441100106665678 -0.04722462456877089 -0.05011309573297894 -0.047714770268214406 10.550017321150959 -0.05180705358223246
152 1368 0 0 0 -0.049999668742745286 3.17824674328836 6.349996547307367 8.450011490577765 -0.050005632798956104 -0.04999027978020375
464 4176 0 0 0 -0.05097174463944681 2.9114336816265114 6.3560362998515485 -0.03975106892011626 6.531476453282548 -6.059335811736784
33 297 0 0 0 -0.06310271454041624 -0.3999907159168993 5.143085874948288 0.9338557630227472 4.51390119229967 10.013319685746486
1163 10467 0 0 0 37244685831.29137 88265270526.21378 1039681.41795772 1474340.5730389718 -764795.7616924266 902239.3869175075
576 5184 0 0 0 0.6358210503068836 2.137143473504711 6.351681776791383 -0.05059904787978601 10.548105974169909 12.6524056811024
31 279 0 0 0 0.9943119906491223 4.03618309759565 0.00680327271356608 9.949865641445902 -0.006566968880747218 1.6485336278758722
106 954 0 0 0 -0.2415481569689589 -0.6310493840167819 -0.08495641984804538 8.710300395641132 -0.0025950822173502752 13.435960016929835
13 117 0 0 0 1.733993279758012 3.680857711474613 5.848039375008255 5.1576581503486025 0.03703054599140218 2.9659719959332436
780 7020 0 0 0 1.0561086216091284 1.267680437507977 6.350036497345252 8.449938411327553 10.549956686452553 -0.04999350312003337
281 2529 0 0 0 0.010597054319255578 0.048769808557283634 1.2580569427059152 -0.05023350861976709 4.223925322035371 -0.051098094714121724
908 8172 0 0 0 -0.1031267249492302 4.03962004712053 4.310535769731056 5.268706640439661 9.638652229039083 7.927418006035492
1681 15129 0 0 0 3.3483977438116708 1.5865373430236915 4.334148267494343 2.686724141385994 6.191831940101015 8.235416696456948
1832 16488 0 0 0 0.9754938549334194 4.2500159551616825 -0.04994675582238232 8.452359749725298 10.549802937070204 12.69944860420705
733 6597 0 0 0 1.4897924129858604 4.266355272508249 -6.449199045778808 4.766440214733122 -0.04934002979870074 12.649233596655394
823 7407 0 0 0 0.46627295956711245 4.249345043729568 -0.04578413567869331 8.445681879063306 0.3774704910607058 12.649756525986195
471 4239 0 0 0 0.6363654118703134 2.1548368217223306 6.349118838816372 8.44762089230483 -0.05039333311436682 12.653602094522357
786 7074 0 0 0 0.7674464848532925 2.3830418389731785 6.350383175714114 8.449865720160089 -0.05032259166445563 12.649416594022792
562 5058 0 0 0 -0.2444124769493346 -0.04729267814605155 -0.05036187626748039 -0.04795794868006915 10.549552884921635 -0.05148584851764453
287 2583 0 0 0 2.1501679669302973 3.5021874018234023 6.349800375260538 8.450195013532257 10.552308618437333 -0.0499834836085096
1152 10368 0 0 0 0.587916080252913 0.9476204767378263 6.3498133282203435 -0.04997705192843004 10.549814926618282 12.650127023392658
160 1440 0 0 0 -1.3966265551207413 -1.3649881503157895 6.342463603369703 8.442973725333276 -0.04796944045664527 18.5135056325828
465 4185 0 0 0 -0.05146428408846076 2.911516283301604 6.355820850447275 -0.040266758006195495 6.5398689406015595 -6.064457040808231
120 1080 0 0 0 0.6393361976247487 0.9716079645407802 8.42190411211516 8.463486046157525 10.48263704127095 8.738991491266047
34 306 0 0 0 -0.057841397915482096 -0.3801509006435507 5.1308643617781255 0.9201404010862118 4.436186413371495 10.04349509804802
107 963 0 0 0 -0.24449972700996137 -0.629298782999545 -0.08942941374480584 8.65811416196228 0.022823211135208687 13.391340762763626
153 1377 0 0 0 -0.050000160183928964 3.1782260618199354 6.349997096992052 8.450008171884225 -0.050004229504901306 -0.04999624110020945
32 288 0 0 0 1.0149969092502609 4.1156194629478495 -0.01966108800950996 9.781841423998173 0.04106324505967228 1.2998515931543477
14 126 0 0 0 1.7895410771643996 3.593874574068017 5.9675241452934165 5.192288566578629 -0.16178882492462837 3.049805222563419
1164 10476 0 0 0 37244685763.86848 88265270610.67642 1039682.6579263499 1474311.2721936826 -764780.7725087478 902233.2269235335
282 2538 0 0 0 0.010318314174642546 0.04914828835224625 1.253735108706309 -0.05202859801663423 4.232873777002165 -0.05355392895416246
1682 15138 0 0 0 3.348226702754542 1.5867898781859662 4.333860978634173 2.688520001237986 6.194245327826581 8.235583153886273
781 7029 0 0 0 1.056109929127489 1.267681754088869 6.350043794057479 8.449964777140567 10.54995445904818 -0.04999699448424247
734 6606 0 0 0 1.4897759246113533 4.266350638965818 -6.4480195635737685 4.767065730290351 -0.0493656566570891 12.648482097785049
563 5067 0 0 0 -0.24441392072358817 -0.04736344687713757 -0.050382519984072796 -0.04789753381792529 10.549343779249298 -0.05110395957533148
909 8181 0 0 0 -0.10234831092722174 4.037332449088976 4.309796874588778 5.268893013069716 9.637376698070007 7.9274710217225515
577 5193 0 0 0 0.6358464454973318 2.13721949137849 6.352061486561982 -0.05013762202359155 10.548919997801605 12.653804934050864
288 2592 0 0 0 2.150137577445774 3.5021873982748106 6.3499533137867035 8.45026294336581 10.552189282439317 -0.050050071479940166
1833 16497 0 0 0 0.9754940133142865 4.25000988374576 -0.04996188453877964 8.45229620547926 10.549786610278504 12.699509596703502
1153 10377 0 0 0 0.5879153722275475 0.9476217304847223 6.349826086705357 -0.04998712883786966 10.549838274746884 12.650116132373567
472 4248 0 0 0 0.6364343721886155 2.155041001498052 6.349849092376616 8.447777501958626 -0.04985253503160982 12.65504260484938
824 7416 0 0 0 0.4663559365671821 4.249117445202277 -0.04545535596864658 8.445903715796073 0.3740142123642452 12.648411531971961
787 7083 0 0 0 0.7674565886358428 2.383023099958579 6.350123736516317 8.44969638841716 -0.05027759613006937 12.650050823914873
161 1449 0 0 0 -1.396690833600724 -1.3658978622378617 6.339243348957234 8.448535989949114 -0.050836402094028225 18.517126082775977
35 315 0 0 0 -0.034741244437362914 -0.4018431348110094 5.127875435974667 0.9468561515845054 4.446255540747045 10.106343431876512
121 1089 0 0 0 0.6217316439128182 0.9828467856020399 8.431852803541897 8.397431780999062 10.37011656735416 8.957015833857508
33 297 0 0 0 1.0009589034263875 4.11930211729379 -0.06838553556463192 9.675141165174221 0.04822929746986423 1.2923216593313636
466 4194 0 0 0 -0.051414863978189194 2.9115412172625774 6.353422476458656 -0.041553649999682696 6.5378413674542015 -6.063761375486244
108 972 0 0 0 -0.24866792492796053 -0.6210725314761566 -0.057138172235616486 8.676865041785375 0.005641646438448392 13.382038931918327
154 1386 0 0 0 -0.04999840401809044 3.178238072692151 6.350000449637163 8.449999062164165 -0.050001415636135665 -0.049998529351567025
1683 15147 0 0 0 3.348106693240697 1.5867812582633765 4.333632951562334 2.6887946962317035 6.19493687096929 8.234818799067835
15 135 0 0 0 1.9145715969273682 3.3910477550866536 6.179521674582965 5.298717358278825 -0.4636890408544225 3.104457570877427
283 2547 0 0 0 0.01019545981193711 0.04931443651402764 1.2623697497350708 -0.05335545247636855 4.2277188962702885 -0.05047478835331497
1165 10485 0 0 0 37244685756.51513 88265270685.92517 1039688.5414205727 1474275.457128142 -764797.8048520209 902283.4840165592
735 6615 0 0 0 1.4897468606674102 4.2663843104689905 -6.446957671707322 4.768231828276147 -0.04969335443131273 12.647244883121694
564 5076 0 0 0 -0.24441507061728082 -0.04741188357579378 -0.05057830501269551 -0.04802714521858341 10.549126734669121 -0.05095136234867119
782 7038 0 0 0 1.0561083900236596 1.267680204293147 6.350048774929798 8.449975569187446 10.549947139286717 -0.04999224960938937
578 5202 0 0 0 0.6358568551047886 2.137250611518136 6.352340813922785 -0.05019038494499392 10.547796221951145 12.652948017710976
1834 16506 0 0 0 0.9754938961828709 4.250003718634012 -0.04996596348044435 8.45234199811414 10.549811532879533 12.699464745447724
289 2601 0 0 0 2.1501094551021955 3.502187370076552 6.3497398028326355 8.450046675352866 10.552277948307436 -0.05009587933520905
910 8190 0 0 0 -0.10171061059300976 4.03762260406701 4.309741772748068 5.269858666581582 9.635768873235945 7.925733458881986
1154 10386 0 0 0 0.5879113204369218 0.9476289048452884 6.349807207841053 -0.05000202686316842 10.549852737320252 12.650070836011517
36 324 0 0 0 -0.035240847215732736 -0.41156190086732675 5.123695302685101 0.9214413526258626 4.410936614380095 10.07689344621413
825 7425 0 0 0 0.4663821141562455 4.248922148335817 -0.04551087043247893 8.445885604381724 0.3729450505933816 12.647792231649202
473 4257 0 0 0 0.6364447086725541 2.1550746562103864 6.350424429389559 8.444965560926628 -0.049191695380529865 12.65245991196942
788 7092 0 0 0 0.7674553577100117 2.3830253688022993 6.350052560034697 8.449904456271252 -0.050115359593201105 12.649976613223926
122 1098 0 0 0 0.6149250480738924 0.9855033674914776 8.440512942613276 8.478552344222418 10.223840479668032 9.130976060323201
109 981 0 0 0 -0.24601007711196893 -0.6288142991147242 -0.091978753008925 8.640011245448795 0.03553621058069155 13.344500473643286
34 306 0 0 0 1.0103559578894903 4.171993252833843 -0.17022255217319554 9.753517578494508 0.17668173371207185 1.0041928792468324
467 4203 0 0 0 -0.05135328831191687 2.910937035534999 6.354439126068002 -0.041969219455079504 6.540807381405697 -6.060008625314861
162 1458 0 0 0 -1.3966848064940685 -1.3661517748620269 6.340288226971136 8.448617136686078 -0.049380269179545834 18.51650779188548
565 5085 0 0 0 -0.2444162522145651 -0.04746147554739406 -0.050430681661300894 -0.04810853443737071 10.54957956716456 -0.050785224391281136
1684 15156 0 0 0 3.3478636917450473 1.5864207424816248 4.333197998326192 2.689704489480158 6.1970476654378635 8.232893154711581
1835 16515 0 0 0 0.9754937971900225 4.2500019111846425 -0.04997615367301847 8.452381742480354 10.549892261519997 12.699426548391251
736 6624 0 0 0 1.4897400696127259 4.2661894755080665 -6.446616023212905 4.768335883448479 -0.04947049602800918 12.647325535230035
16 144 0 0 0 1.89888997896927 3.3856710091271287 6.1697074145968225 5.3255252420304915 -0.4513951057505051 3.189990700473098
37 333 0 0 0 -0.0118287983973623 -0.40557623444435476 5.123578593754783 0.9258701232288009 4.3986433838383405 10.096775643831718
911 8199 0 0 0 -0.10139524137790927 4.039535480857355 4.308847589825933 5.26936482847917 9.635600445637616 7.927163829558593
155 1395 0 0 0 -0.049999447985710384 3.178237896445303 6.349997187306355 8.449999332751059 -0.04999988829270268 -0.05000041053213616
783 7047 0 0 0 1.0561094738528254 1.2676812955807844 6.350012315249624 8.44995964952632 10.549994848804994 -0.04999362281854379
284 2556 0 0 0 0.009994512280123099 0.049643891919782725 1.268420319027774 -0.05283851245657669 4.22138280238816 -0.053012236729929385
290 2610 0 0 0 2.1501014556070137 3.502187365861378 6.349684144637872 8.450025953092096 10.55235930804477 -0.0500884567306705
1166 10494 0 0 0 37244685761.46986 88265270756.53271 1039704.2389918342 1474271.7396271753 -764833.3712788221 902261.2147345612
579 5211 0 0 0 0.6358322057630952 2.137176729626198 6.352293565374777 -0.049821631514049954 10.547108549791341 12.647939884644199
1155 10395 0 0 0 0.5879048817133088 0.9476403011619654 6.349860871421991 -0.050021005140930025 10.549892153715692 12.650218353945148
826 7434 0 0 0 0.46650508901211163 4.248752018213509 -0.045222229196472785 8.446595076461609 0.3678453418612295 12.647592769078969
110 990 0 0 0 -0.25017906637672327 -0.6173216613772369 -0.10645275182740341 8.64405647331494 -0.03942690276140791 13.375070451152082
123 1107 0 0 0 0.6265783960198538 0.9560767870998048 8.34165122807944 8.513314215695358 10.293544216842236 9.347459987022065
474 4266 0 0 0 0.636428764092956 2.1550268931723826 6.3505608632127695 8.447566547611995 -0.049238621365845586 12.653019170815138
789 7101 0 0 0 0.7674803140650888 2.3829790273503946 6.350096527073155 8.449792563152558 -0.050057154530711565 12.649724027797426
1685 15165 0 0 0 3.3478263412430955 1.5861671747861859 4.332904702330081 2.689255995868562 6.197687112187355 8.234686972400944
35 315 0 0 0 0.9979798718105677 4.1781560577615355 -0.1337214719464221 9.86943150531988 0.20588395211098282 0.8347551852134811
468 4212 0 0 0 -0.05073037818517488 2.911383073693554 6.352080097211859 -0.04082223740958117 6.528451521341382 -6.057444745415516
17 153 0 0 0 1.9486382313473893 3.289116401866782 6.1931217238258 5.330753549344845 -0.27137682396579116 3.140508992084846
1836 16524 0 0 0 0.9754938923169922 4.250021036932759 -0.04995881675927514 8.452346814730344 10.549973686976811 12.699462913576658
566 5094 0 0 0 -0.24442004873008183 -0.047604515505868486 -0.050279025796938485 -0.04798628633408724 10.550342171631183 -0.050387442960379246
737 6633 0 0 0 1.4897463078098903 4.26602289497081 -6.446953699871362 4.7679737097172215 -0.04939088409649925 12.64879606936423
38 342 0 0 0 -0.019300462028478186 -0.3910190522050671 5.089683367767604 0.9440115665601224 4.358566692806093 10.089224583297565
912 8208 0 0 0 -0.1007606031370432 4.040775931019627 4.309574442908843 5.2702686144036806 9.632328455169983 7.925435893117009
163 1467 0 0 0 -1.3966366238357402 -1.3660300539519035 6.34021967529017 8.449619145576266 -0.05182003863616077 18.51390329219842
784 7056 0 0 0 1.056103295322971 1.2676750738792337 6.350015861444863 8.449944658788171 10.549993364619704 -0.0500009800738113
580 5220 0 0 0 0.6358369077572397 2.1371906342128644 6.352202847458401 -0.04994981447998472 10.54657447182858 12.64987177551395
291 2619 0 0 0 2.150065679711421 3.5021873397500065 6.349680786754657 8.449937279476783 10.552467901724953 -0.05002316066245285
156 1404 0 0 0 -0.049999431374385755 3.1782355070728254 6.350001423018908 8.45000095664404 -0.050000690904328515 -0.05000548547711216
1156 10404 0 0 0 0.5879034822802657 0.9476427814268208 6.349852317049565 -0.05004368617750806 10.54991003854872 12.650222564289528
827 7443 0 0 0 0.46648384650725305 4.248654219179881 -0.04536296844920573 8.446197913805989 0.3687324513094912 12.6467850249137
1167 10503 0 0 0 37244685786.34093 88265270829.55066 1039719.1924006145 1474270.4746552971 -764891.7486180668 902222.3797052634
285 2565 0 0 0 0.010153008136984755 0.049400151225878305 1.2506271707695096 -0.05495703882545952 4.232112852528523 -0.049859225953405
36 324 0 0 0 1.0218166421760724 4.223893071723401 -0.1207676417278808 9.654804731861523 -0.09880287372324531 1.3689322318145398
111 999 0 0 0 -0.2498392802365498 -0.6226287141600756 -0.09840678136591798 8.571990796183474 -0.016824085753972443 13.313627640943151
567 5103 0 0 0 -0.2444218795725822 -0.047695358899138056 -0.05044795662792712 -0.04828546824322398 10.549758639412742 -0.05008735818669265
1837 16533 0 0 0 0.9754940417334015 4.250002868272422 -0.050012696461358454 8.452282579023871 10.549966872857635 12.699521051567805
18 162 0 0 0 2.031381050310904 3.164826182898618 6.32998665419323 5.484454127245836 -0.3059263622527142 3.2412815246436564
1686 15174 0 0 0 3.348127611283646 1.5869376936106996 4.333245510681871 2.689281056104493 6.196221512018887 8.235874300150522
124 1116 0 0 0 0.6283602747549424 0.9416145555038146 8.355709714129619 8.523380868130637 10.173213185663954 9.845166905410961
469 4221 0 0 0 -0.05102308581026273 2.9121625283409047 6.351567785281049 -0.04003977833138502 6.530344569626718 -6.065205601508405
790 7110 0 0 0 0.7674925345707797 2.3829563251651544 6.349978713731468 8.449911915757909 -0.04988485076798913 12.64979709917234
738 6642 0 0 0 1.4897055892035778 4.266148409452526 -6.447103403087305 4.769650991638628 -0.04980403309239372 12.648312071619277
475 4275 0 0 0 0.6363260414261565 2.1547194555591545 6.350012291132664 8.449692232069175 -0.04985731184029462 12.650972912506372
913 8217 0 0 0 -0.10102463750830304 4.041305438129215 4.309059703249085 5.270995656715023 9.632031684089533 7.924385742610727
39 351 0 0 0 -0.0143685739374433 -0.39173500730243294 5.075636948544953 0.9805854278893024 4.388620112874329 10.071571267982064
581 5229 0 0 0 0.6358568461951075 2.1372508210651655 6.35252812942042 -0.04968613447280581 10.547455075210552 12.65131805081226
164 1476 0 0 0 -1.3966592866245002 -1.3667611625980323 6.340286759658989 8.448692168023836 -0.051786533855828286 18.514517082535153
785 7065 0 0 0 1.056102098044149 1.2676738679821602 6.3499908430792535 8.449943222474214 10.550028223402505 -0.049991027207456275
292 2628 0 0 0 2.150125206758531 3.502187365886812 6.34986545253062 8.450036475808677 10.552385630650472 -0.050055427476496994
1157 10413 0 0 0 0.5878932953253253 0.9476608137883773 6.349822161358256 -0.05003983745622264 10.549856450285294 12.65015383770655
828 7452 0 0 0 0.466554102893824 4.248284749570924 -0.04524919137874034 8.44672162404375 0.36581768336724035 12.646381700276116
1687 15183 0 0 0 3.348027744514049 1.586912420545269 4.332822591388881 2.6888713291701354 6.196688119172248 8.236253964676894
157 1413 0 0 0 -0.04999978886868258 3.1782341010121598 6.350006401481746 8.450001697932025 -0.04999963016691472 -0.0500093975863769
568 5112 0 0 0 -0.2444237451185687 -0.04778627703592639 -0.05010241839776068 -0.04806173169170656 10.549927844663136 -0.04966821185451418
1838 16542 0 0 0 0.9754935152502495 4.250000075139591 -0.049986817089931246 8.452487939897601 10.549902654904956 12.699317424761242
37 333 0 0 0 1.0192943275552353 4.233323357227236 -0.06204251358408512 9.716276591199529 0.11671032406567394 1.2919167193362735
19 171 0 0 0 1.9278107012303642 3.29884305735845 6.346070394732741 5.253513664592095 -0.07065897110028274 3.1301103474356404
1168 10512 0 0 0 37244685845.99852 88265270847.78714 1039683.7392607857 1474287.642686635 -764908.8276641436 902230.8017783565
470 4230 0 0 0 -0.051282078605767174 2.9124390425177085 6.353375797540773 -0.03990602272296459 6.5326157592170055 -6.068750832660051
112 1008 0 0 0 -0.2510137994084285 -0.620700347260105 -0.12158155975496264 8.600896491690214 -0.01234789505845443 13.292336990240008
286 2574 0 0 0 0.010086442925887095 0.04951280136894941 1.2464592520303863 -0.05445356133031961 4.2326893717430085 -0.04880204386469676
125 1125 0 0 0 0.6463008441527766 0.903561160020508 8.235113967396542 8.442896610711834 10.272423768956218 9.898426944299581
739 6651 0 0 0 1.4896617895570867 4.266097816715579 -6.446633067968457 4.77131213894535 -0.04980564576387901 12.647477046530554
791 7119 0 0 0 0.7674876853519805 2.3829653181115797 6.350121110002807 8.449777263070143 -0.04993187807733207 12.64941690519112
476 4284 0 0 0 0.6364028358446763 2.154949491826214 6.351071545236362 8.44923005960076 -0.04979322312419998 12.65507276454162
914 8226 0 0 0 -0.10160074303157038 4.042677002187952 4.310251067427239 5.271449905909978 9.632923742493768 7.922858792663398
40 360 0 0 0 -0.03020728109867607 -0.4093802326717863 5.102178001499867 0.9465373631132229 4.450278668569777 10.066903314621914
165 1485 0 0 0 -1.3966202602663873 -1.3671230027898542 6.337633983224628 8.445398104916224 -0.052530509194306185 18.51203663011288
293 2637 0 0 0 2.1500868022666886 3.502187353290168 6.349863661313332 8.450107137384343 10.552343687138638 -0.05006085306618709
582 5238 0 0 0 0.6358798644544333 2.137319667497931 6.352770643909092 -0.049847142656637325 10.546416064834991 12.65218214527585
158 1422 0 0 0 -0.04999938280821807 3.1782274432303756 6.350006241345743 8.450000032986601 -0.050000592615383824 -0.050000559117550795
1688 15192 0 0 0 3.3481170005237075 1.5872245789975863 4.332901404597101 2.687322466541042 6.194398875407678 8.236611314037924
1839 16551 0 0 0 0.9754936186120349 4.250007979638959 -0.05000183891580972 8.452449425342726 10.549866412684535 12.699357353120652
786 7074 0 0 0 1.0561004042277016 1.2676721627541243 6.349982453362179 8.449953871705937 10.549995154899129 -0.049996504330311435
20 180 0 0 0 1.9777737864491343 3.262725749117206 6.276114234315523 5.142318113389802 -0.12523019552008938 3.2046681312185985
829 7461 0 0 0 0.4665353315293593 4.248471720609687 -0.045366965071768565 8.447423686003493 0.36660459782437255 12.650557971474187
1169 10521 0 0 0 37244685769.822174 88265270852.05351 1039685.9374800936 1474278.331664881 -764832.6728199414 902237.1878500911
1158 10422 0 0 0 0.5878918228060532 0.9476634236833249 6.349807555123837 -0.05000941244404784 10.549911952261288 12.65017467285635
569 5121 0 0 0 -0.24442306354082766 -0.0477328231468616 -0.04988177295204982 -0.04892768109547048 10.548723013860156 -0.05011680049466081
471 4239 0 0 0 -0.05157281521292598 2.9119080788937373 6.353249338069059 -0.040511889854157775 6.540533425101421 -6.0682649594330265
38 342 0 0 0 1.019255425467203 4.220828137436742 -0.06919578899383214 9.74183082192134 0.10927824846035152 1.4545216132416303
113 1017 0 0 0 -0.25172494985578786 -0.6212658176805853 -0.0866267454119702 8.578517620563014 -0.02639101317436878 13.27693884250649
287 2583 0 0 0 0.010437057306875556 0.04903379583542272 1.2322160706786174 -0.053236149344565616 4.235027896469803 -0.04615900786370255
740 6660 0 0 0 1.4896644567831538 4.265815475701845 -6.447107977349393 4.771002899302144 -0.04986384143779195 12.649009699675172
126 1134 0 0 0 0.6599916737038601 0.888393962083783 8.18516775808192 8.571947160995363 9.970227521715362 9.769869887032986
792 7128 0 0 0 0.7675027252614537 2.3829373980992337 6.350221603394372 8.449875385878583 -0.05010666314689428 12.649116864648263
915 8235 0 0 0 -0.10180055106546985 4.03987262404107 4.3088263841406915 5.271524909445151 9.63817318577363 7.92262555751889
166 1494 0 0 0 -1.396668807451265 -1.3674974142890357 6.338054601239654 8.448564756451917 -0.05185512397641033 18.514861811549057
294 2646 0 0 0 2.1500477218740457 3.502187337875709 6.34980928706772 8.450038807970135 10.552410653575365 -0.0500567297080978
1689 15201 0 0 0 3.3483207924146363 1.5876865676552916 4.33238410392201 2.687796320241197 6.195362471720104 8.236829311994683
41 369 0 0 0 -0.025443992130902728 -0.41724741840095886 5.111609475506431 0.9287303900798705 4.420724050271191 10.08068986553965
477 4293 0 0 0 0.636523187466967 2.155305991605413 6.348870978481363 8.44958040393526 -0.04976593067434053 12.655894059836438
583 5247 0 0 0 0.6358810223422334 2.1373232436332708 6.3528174362353305 -0.05014303465932548 10.545452788489014 12.65340264401927
830 7470 0 0 0 0.46652793479180366 4.24845296307086 -0.04546430416608682 8.447365960447238 0.3669200970822074 12.649567104042633
1840 16560 0 0 0 0.9754935225361967 4.250003256778584 -0.04999053598054221 8.452492689848476 10.54995583684235 12.699320740148575
21 189 0 0 0 1.929906149516921 3.3356116664791617 6.213759224476745 4.993975292359373 -0.2137402728320444 3.3255855776420633
570 5130 0 0 0 -0.24442103040629096 -0.04765269047820367 -0.049790075951172706 -0.049040473307906896 10.54924419897875 -0.050479686912852186
472 4248 0 0 0 -0.05203696557973762 2.9121091374153645 6.35193794813037 -0.04111959569542394 6.547971644797721 -6.073931831192342
39 351 0 0 0 1.025203555700861 4.236880158061178 -0.04519595912846936 9.595065472346063 0.03173852886996281 1.7320628792832231
114 1026 0 0 0 -0.24660979877204292 -0.633910406689911 -0.09131458475693398 8.555252342792157 -0.012579280532798573 13.23549503421862
1159 10431 0 0 0 0.5878745342686378 0.9476940335583761 6.349777733653813 -0.04998581422124468 10.550032449130196 12.650200924858472
741 6669 0 0 0 1.489667105811797 4.2658262072850945 -6.4469057280199165 4.7709136740324665 -0.049833876157970254 12.648584195713084
127 1143 0 0 0 0.6427009248829374 0.905790754565829 8.19573894142465 8.61041714293513 10.102985250281181 9.806411291089312
1690 15210 0 0 0 3.3480210005461672 1.587149265226523 4.331903586509861 2.6885085784260556 6.197797429026367 8.236418517269064
916 8244 0 0 0 -0.10164700116552329 4.0419862855107365 4.309263537509748 5.269281847081529 9.637502152432939 7.9268957656858285
1170 10530 0 0 0 37244685774.60299 88265270800.80603 1039682.0941918383 1474274.1125887013 -764819.9673629785 902263.2534767716
42 378 0 0 0 -0.01669582608266353 -0.41729601350627943 5.1109567848388835 0.9223367467851673 4.387355533765316 10.080856007158971
787 7083 0 0 0 1.056103922808278 1.2676757050058842 6.3500077874980505 8.449942961277117 10.549981055938524 -0.050002453425729794
793 7137 0 0 0 0.7675048288098427 2.382933468546637 6.350179696969961 8.449786127761389 -0.050143336212388326 12.649151125228473
295 2655 0 0 0 2.150041477886327 3.5021873692394667 6.349792415533183 8.449869265365821 10.552185590074759 -0.05004752702435281
167 1503 0 0 0 -1.3966263122868452 -1.3667904441216863 6.345384826987749 8.448958393202725 -0.05195193524876061 18.51263605750155
288 2592 0 0 0 0.01053689138045475 0.04895728785906709 1.2452628286433516 -0.054561179076011886 4.211575920608551 -0.04747863981159992
22 198 0 0 0 1.981731279716414 3.297875179939798 6.2384263336259 4.793238193220339 -0.3284803250591468 3.334981105215871
584 5256 0 0 0 0.6358716901895674 2.1372952661232816 6.352927775988564 -0.049990514589745585 10.545832581983563 12.654169459172973
571 5139 0 0 0 -0.24442514710811367 -0.047838662727008596 -0.04974186696319849 -0.04850373187561337 10.550063147815486 -0.04977509490430605
831 7479 0 0 0 0.46652461301930354 4.248450646072962 -0.045580114374870896 8.44728755425525 0.3670735879117026 12.64989190526913
1841 16569 0 0 0 0.9754936806990193 4.249986268552652 -0.050005585219957405 8.452430342040406 10.549943411851737 12.699381749622066
917 8253 0 0 0 -0.10153141990414613 4.0420772618303875 4.3091503738837025 5.268573632924204 9.639675857132273 7.927976294898617
478 4302 0 0 0 0.6364636703418559 2.15512875515136 6.349624988873703 8.448946168814896 -0.050379585486340625 12.653992268402813
40 360 0 0 0 1.005899264869601 4.315083142417931 -0.048203868468940946 9.722236584777004 -0.03417685571852644 1.4140204908773986
115 1035 0 0 0 -0.24562765337261738 -0.6361003034797206 -0.1128398688846112 8.540284068205645 -0.013203949789666332 13.237285159197592
473 4257 0 0 0 -0.0524462766714464 2.912732733816949 6.3539206064651985 -0.042243523047205696 6.55165668143012 -6.081290479344851
742 6678 0 0 0 1.4897155814594132 4.265336363003619 -6.4475361534977305 4.768666440146954 -0.0496690900897364 12.64923627355664
1691 15219 0 0 0 3.3483546333402763 1.5871649039687763 4.3316783724944 2.689696803876233 6.199808222013263 8.238549102826768
1160 10440 0 0 0 0.5878675576832719 0.9477063755102703 6.349661430727187 -0.0499352925059838 10.549979337656962 12.650218486834827
128 1152 0 0 0 0.6455595108883757 0.9188840982417801 8.308256052764113 8.493479508031227 10.115938963095445 9.883794254341856
