% # columns="iter, evals, sigma, 0, fitness, xbest" seed=769577, Fri May 27 14:26:01 2022, <python>{}</python>
895 8055 71.22966247768437 0 -0.4134008125954156 0.013947637248071104 3.953436596413892 4.313280735454885 5.268765307242225 9.621514345430354 7.925909421873617
452 4068 0.5339996802509924 0 -0.4603001613848509 9.654313234986518e-07 2.912476425647172 5.99999268718469 0.0010773783535568233 6.519215534498122 5.961882023047881
548 4932 0.33938216402309196 0 -0.46442434959027346 0.14439857766241357 5.314258667955874e-05 2.691932591090043e-09 2.1560212726199923e-05 9.99999988900723 5.314949299382572e-05
810 7290 11.107232339817669 0 -0.49809688596949736 0.46620405320817043 3.999999973628163 0.00010351371347354035 7.9999832478352335 0.380280326053381 11.999995447542299
21 189 0.0878056157329774 0 -0.45816086547698726 0.003272912176336362 0.3961332058416107 5.293455497216254 0.7413956310165518 4.388229848578089 10.042664622429628
148 1332 0.015202690018406077 0 -0.48057819099834176 1.2960579871727826 1.2632657447939382 5.999997745140198 7.999969828899013 6.327712769314773e-05 6.820171152751584
108 972 0.2742811419194519 0 -0.46521194948779765 0.6325756485184117 0.9840285435177798 4.49919353075479 7.977989883006129 9.985299192684419 7.541138340742207
273 2457 0.002813466253890155 0 -0.49813745960011774 1.9999999482398656 3.502187175193205 5.999999793142314 7.999999995299204 9.999995031845634 6.223325204050355e-07
94 846 0.18687295924214373 0 -0.49457772353678625 0.14061152410890862 0.5635284737242219 0.006157692863794863 7.994265059779247 0.5240447653346028 11.935308845568995
721 6489 20.58851811227344 0 -0.519502049349026 1.4897397769611687 3.999716969285852 5.999999875012605 4.768740637143586 3.853974681529332e-06 11.99999777006129
1266 11394 4.886774911433133 0 -0.4673893186239799 2.4001764285359357e-14 2.9828335821200653 4.346244442727766 7.9999999999924745 2.408545103956385 6.152489299515128e-07
1820 16380 1142468.5083614327 0 -0.4594192011730478 0.9754953798723458 3.9999999998161164 1.092881646180902e-07 7.9999982826253255 9.999999999149265 11.99903711509445
565 5085 0.8636391291895962 0 -0.5150200551791243 0.635768629567967 2.1369859712601387 5.999996635333407 5.186123611831361e-07 9.999999163228479 11.999986248425623
1152 10368 68.56209501907726 0 -0.482493563436898 0.6176964722074401 0.894961293996019 5.999999939898199 7.999999988500895 1.402725033866181e-08 11.99999997759876
1668 15012 7314913.492419353 0 -0.38351438866168946 0.9509181606921255 1.5833623374727348 4.337829567095694 2.687774336629122 6.190216951660863 8.239878775375715
348 3132 0.00013258541640003008 0 -0.5147060441315492 0.6108783700997538 2.0491560314852197 5.999999999945294 6.229602403543458e-15 9.999999999897566 11.99999999999703
141 1269 0.0003990290054078727 0 -0.4218817577963476 4.092936589269236e-10 3.1781472589694326 5.9999999988437684 7.99999999995003 5.304840141445788e-10 8.967324063877932e-09
1141 10269 400.8368525382911 0 -0.47527712078372436 0.5879424232513175 0.947573864762001 5.9999999860099065 5.449040299562035e-09 9.99999987925889 11.999999989374963
770 6930 0.35574318510503006 0 -0.5145043302446315 1.0561494003271863 1.2677215018998564 5.999999999956592 7.999999999999923 9.999999999784574 2.1964272588965645e-10
19 171 0.38252294568486805 0 -0.42731866275990565 1.0892663888429224 3.969237169937499 0.3861149468680076 7.877620429101762 1.1880138322207046 2.7444077457378326
270 2430 0.08318645859546438 0 -0.536096864947644 0.019526756990998286 0.046430025370077684 1.2297239122441723 0.00018841501757781035 4.158538024084693 1.2886523336408842e-06
1 9 0.24181484771353162 0 -0.4638886764910599 1.5416504976079553 3.4404392175788416 5.64139400016465 5.110701094810904 0.5539907183293448 3.2083693743264665
775 6975 3.9229462203839565 0 -0.49416534968491943 0.7674404773543022 2.38305314957433 5.999999905523962 7.999999822986563 3.6117352421454876e-07 11.99999867331077
460 4140 0.21078487183850114 0 -0.514512900390221 0.6360348377366944 2.1538592197556725 5.9999964319972205 7.999999871368024 2.2548284690202532e-06 11.999985403371944
896 8064 92.05568928398445 0 -0.4134008125967218 0.013780167275714392 3.9558300658058685 4.3116999972842205 5.269386317107728 9.620365794888924 7.925745669714092
453 4077 0.47411388508448393 0 -0.4602996719028548 1.787466457928165e-06 2.911902584723841 5.99998980556277 0.0005369596810360463 6.50323858679521 5.948948292831034
549 4941 0.32961034144839485 0 -0.4644243819077541 0.14440160521430703 4.999748167083483e-05 1.0071643487718062e-06 1.1299526184618968e-05 9.999999686294606 4.583779284474302e-05
95 855 0.18976824755687308 0 -0.4947715041546396 0.13120598524636531 0.5743391739607749 0.06522250756483719 7.956302999965756 0.1525520811433499 11.937450495247699
109 981 0.2597783307402233 0 -0.4650074172779873 0.6467898058657596 0.9913247455816743 4.443853495911271 7.999999373966894 9.999988335217378 7.627331402618975
811 7299 10.3713345775033 0 -0.498096888327817 0.4663222825461667 3.999999793542773 0.00012630539957003673 7.999989450940002 0.3753416628529144 11.99998686912308
274 2466 0.002487122295338754 0 -0.4981374615815899 1.9999999448269656 3.502187177117572 5.999999955669102 7.999999869257279 9.999995017076728 5.725240958960992e-10
722 6498 16.94881814763346 0 -0.5195021672819194 1.4898172126723612 3.9997266324743665 5.9999998853517384 4.7656778811119995 1.2964773943695435e-06 11.999999857630293
1267 11403 5.13596177678867 0 -0.46738931862405547 1.1945472530243373e-12 2.9828347185731445 4.346245505934348 7.999999999990402 2.408560608496373 6.226025063381206e-07
22 198 0.09185721893289767 0 -0.4580423372270332 0.015528638418665112 0.3507278800287015 5.296270458046288 0.7920708847817424 4.546264571506308 9.996153575512466
566 5094 0.9230976107563205 0 -0.5150200475604495 0.6357158522599704 2.1368279769112695 5.999999976671075 1.5830648676095652e-06 9.999994774271697 11.999993213347842
1153 10377 72.63063187730508 0 -0.48249356355585 0.6176904746640748 0.8949638249565816 5.999999879548791 7.9999999883108375 8.603004413642106e-08 11.999999999792676
149 1341 0.014307592011112326 0 -0.4805786131992794 1.2962962622053509 1.2618996062067187 5.999983582560221 7.999984631883034 2.3348991085679034e-05 6.804937522468617
1821 16389 1201517.607408663 0 -0.4594192015701106 0.9754943657875705 3.9999999995289026 5.9516069843202506e-08 7.999997357774986 9.999999992155002 11.999051972775197
1669 15021 7019975.5294614965 0 -0.3835143888099535 0.9507446084026134 1.584809771338937 4.335285963722357 2.6878311184253407 6.192663251020131 8.235361657789497
142 1278 0.00034774087105989346 0 -0.42188175779663484 1.4240901816030498e-10 3.1782895140331586 5.99999999999999 7.999999998728618 6.453924040205504e-11 8.86495716307847e-09
349 3141 0.00012967879219962918 0 -0.5147060441317141 0.6108779129021629 2.049154330559966 5.999999999999858 6.441688665320184e-11 9.999999999936387 11.999999999995854
1142 10278 352.51555729174146 0 -0.47527712152469603 0.5879300859249978 0.9475956877872176 5.9999999479807355 2.907689989367962e-09 9.999999974007535 11.999999981871902
550 4950 0.33540058953029156 0 -0.4644243696952897 0.14440051951660382 4.922883898483568e-05 2.8978939882981607e-06 1.051381185923509e-05 9.99999971548104 3.340699561404419e-05
771 6939 0.3515937832045914 0 -0.5145043302352762 1.0561338999493273 1.2677058940051793 5.999999997771244 7.999999999992174 9.999999999695731 3.3313165542908457e-09
2 18 0.25564691405172385 0 -0.4712663080032304 1.5927736337948801 3.3514691737437197 5.758847435743863 5.288810385801252 0.1326421823897726 3.542879208087305
897 8073 114.7945085935394 0 -0.41340081254756395 0.014806006915597244 3.9565542717632947 4.310577789112026 5.265931221987654 9.625508650187014 7.932551065487771
454 4086 0.46480886686597744 0 -0.4602999127941502 2.6442441403442384e-05 2.913472066095031 5.9999631040352215 0.0008508024531147338 6.547710910365202 5.985398428041908
20 180 0.4164230127181348 0 -0.4273465573388484 1.0331561099862967 3.999835183169297 0.04362436906063531 7.961471299257875 0.7992876118707486 2.8528187914504826
776 6984 3.8408196721277803 0 -0.49416535213586266 0.767467219708084 2.3830034899459402 5.999999999510828 7.999999863596783 2.241655212587597e-07 11.999998250885225
271 2439 0.08480034176855972 0 -0.5360986368106925 0.01937847439790712 0.046744411625487176 1.2211282151836864 6.41944162975008e-06 4.173816761278424 4.734886354194022e-06
275 2475 0.0026400402847695974 0 -0.4981374633151847 1.9999998802306307 3.5021873795166356 5.999999965704739 7.9999999871688505 9.999996454583627 3.3686157422982084e-08
567 5103 0.9346271417418599 0 -0.515020059844799 0.6357450699983678 2.1369149775924248 5.999999062284522 1.4344349278580356e-07 9.999998638950787 11.999983410436158
461 4149 0.20891883250822926 0 -0.5145128775884019 0.6359421142232784 2.153581812052163 5.999998382092738 7.999999088273907 2.1891002143061025e-06 11.999993391694387
812 7308 10.03190924810222 0 -0.49809689769993104 0.4662014902635192 3.9999998454038455 9.985055311976654e-05 7.99998642857124 0.3803917636699509 11.999999205648486
1268 11412 5.270677474777838 0 -0.46738931862401667 6.245944758577939e-16 2.9828342585354903 4.346247634381143 7.999999999970899 2.408554805451786 6.170367364775351e-07
96 864 0.16629776523373938 0 -0.49491557303732464 0.17281761792978367 0.47414502609003917 0.1106279676788989 7.989909088760642 0.003593030500846884 11.902368271852932
110 990 0.24992340876830116 0 -0.4655714844579619 0.6292634011438125 0.9808368108701282 4.509351613987348 7.992352621806369 9.998012716789171 7.759461454626636
723 6507 13.787288170699508 0 -0.5195023273376906 1.4897194628431043 3.9996983105463246 5.999997690322623 4.770076596531707 3.431604609209103e-06 11.999998349962524
23 207 0.08379258872623424 0 -0.4581683740358863 0.010170543813596009 0.367682652142334 5.265575006430175 0.7860896884394662 4.544952007184474 9.93494672207641
1154 10386 66.53818193271496 0 -0.48249356355473594 0.6176910376154823 0.8949635873061516 5.999999941210877 7.999999980958736 2.0590742614972104e-08 11.999999988762463
150 1350 0.01552394537876274 0 -0.48057870744933917 1.2964092891205194 1.262840542804865 5.999958556761842 7.999857062124459 7.785381723199464e-08 6.798427690489273
1822 16398 1299485.6034260392 0 -0.4594192014216844 0.9754934706134489 3.9999999988113304 6.067644552591973e-08 7.999996447772539 9.999999998306135 11.99906510035671
1670 15030 6681155.165560093 0 -0.383514389172082 0.9511987358343461 1.5840753767201985 4.335078296351713 2.689016002389854 6.195350338690872 8.234515449121476
350 3150 0.00011812154373452819 0 -0.5147060441312984 0.6108780631333078 2.049154889474614 5.999999999987986 1.2934912463749878e-10 9.999999999987702 11.999999999914845
143 1287 0.00031655018539527094 0 -0.4218817577968718 1.1337688028991107e-10 3.1781577636052574 5.99999999999455 7.999999999997261 1.44415850360837e-12 9.053477981700353e-11
1143 10287 305.6553038340639 0 -0.4752771210323944 0.587948486888245 0.9475631202768058 5.999999951191137 6.083155756480332e-11 9.999999993412265 11.999999996145416
551 4959 0.34733231507286666 0 -0.46442440878186636 0.14440389288786198 4.7389068924741846e-05 1.8475314207266095e-07 6.055997514911266e-06 9.999999903592562 3.82719537593611e-05
772 6948 0.3227719345649434 0 -0.5145043302788035 1.056133095566679 1.2677050836488195 5.999999999965341 7.9999999999478995 9.999999998233843 2.453153622613008e-10
3 27 0.2729236077905949 0 -0.5040870875420632 1.735649067896536 3.578956097858887 5.707271685996552 5.2433361646244405 0.2753270412832526 3.3053908648938126
455 4095 0.48804822408009574 0 -0.4602998159174336 3.0073559398775553e-05 2.9137480943691623 5.99997486286242 0.0010801248844746027 6.549126396680271 5.988537828781668
272 2448 0.1053266866173996 0 -0.5361006943871685 0.018804741857303457 0.04794201622641313 1.2275561189135198 3.0679407196282114e-05 4.199806463112346 0.0002758864565909235
898 8082 139.28049660240848 0 -0.41340081246531274 0.015917449247630656 3.9568169542445566 4.31413983624961 5.26706733238048 9.623845443682157 7.929185004045386
777 6993 3.8813283729056436 0 -0.4941653541632623 0.7674454683539603 2.383043817584264 5.999999999973317 7.9999999240287405 2.0484594724429627e-07 11.999999157670034
276 2484 0.003013620880047643 0 -0.4981374638515672 1.9999998500201677 3.502187430945302 5.999999993574146 7.999999991721552 9.999996916276817 2.7887478154518232e-08
21 189 0.4657869375874087 0 -0.427351453543374 1.0512821935979648 3.960598902478565 0.018378426539254773 7.588321962913493 0.8468031928182418 2.451201830831619
568 5112 0.8530031037554744 0 -0.5150200507856919 0.6357535496646919 2.136940333812852 5.999998214834238 7.12867441772443e-07 9.99999780355843 11.999992301750869
813 7317 9.53646510324937 0 -0.49809688665843793 0.4662330079234183 3.9999999967031274 0.00010685650213068307 7.999988013294814 0.3790715582680177 11.999999408652144
462 4158 0.22612132208510918 0 -0.5145128525543718 0.6360605758417086 2.15393280019081 5.999999705878197 7.999999241807626 4.1202322650102885e-06 11.99997938483789
1269 11421 5.891034077941836 0 -0.4673893186236838 2.841019993632107e-14 2.982833847581219 4.346242620373232 7.999999999949147 2.40854834377933 6.178423561908968e-07
97 873 0.14885759307709104 0 -0.4946775206783731 0.14143860495726224 0.5413269390090085 0.11478432455149223 7.95846982201223 0.0016465529100286788 11.88803682213907
24 216 0.07955012855581085 0 -0.4581071589974244 0.0298431821965026 0.35255585108213944 5.356988085706113 0.7506036105979945 4.4886832636092935 9.976559435818356
724 6516 12.235760163392438 0 -0.5195023074936659 1.489790851194122 3.9997192179594965 5.999999435876904 4.766828545744226 8.091058044504259e-07 11.999999454238225
1155 10395 68.76655845266804 0 -0.4824935635865759 0.6176851154483407 0.8949660877702481 5.9999998896998195 7.999999997333637 1.7731587542152438e-08 11.999999978981299
111 999 0.2715837436144702 0 -0.46542236278156074 0.6568788097054807 0.9580380459581063 4.475609487499676 7.992907781333604 9.989975632171092 8.022134960953998
1823 16407 1177111.12356254 0 -0.45941920124034336 0.9754932486600224 3.9999999999744893 8.328412878770093e-08 7.999996054518904 9.999999996632274 11.999068409456326
151 1359 0.016349491747110423 0 -0.4805794226701675 1.2963086463891529 1.2634525820896203 5.999999909712667 7.999999478012622 3.376082740939436e-07 6.8050342974509626
1671 15039 7209275.102938968 0 -0.38351438929468995 0.9509332700888726 1.5841822927640843 4.333566546726022 2.686457699110069 6.194940629231793 8.23352722250786
351 3159 0.00010841412510322702 0 -0.5147060441316407 0.610878532278591 2.0491566348640924 5.999999999969727 5.670235107930445e-14 9.999999999995229 11.999999999902979
552 4968 0.3436953599333142 0 -0.46442440171699884 0.14440883090728152 4.140922845703286e-05 7.346538859891962e-07 2.2835251136070646e-05 9.999999808725889 1.904911345895732e-05
144 1296 0.0002930505027892703 0 -0.42188175779688264 2.4523586094719504e-10 3.1782386157526967 5.9999999999872875 7.999999999968348 1.0486011863787377e-10 1.7155185216188312e-09
277 2493 0.0029445961080414268 0 -0.4981374641145977 1.9999998806869335 3.5021874042297574 5.999999995795001 7.999999988058284 9.999997096843245 5.0566180661091125e-08
899 8091 131.4490947827594 0 -0.4134008125614133 0.014637744448335672 3.9574904166575853 4.310318991354214 5.2672851648081815 9.624698721960943 7.930138748714389
814 7326 8.631941681800818 0 -0.4980968936903798 0.46615088921669207 3.9999999769748693 9.393284691006188e-05 7.99998751722667 0.38248540033993095 11.9999953102985
4 36 0.2761288417132351 0 -0.5054953349460554 1.8675684296196617 3.6117908364383813 5.595279255351494 5.35936235256744 0.19495176531782088 3.0238126327028656
22 198 0.42728065639961893 0 -0.4273554881206605 1.0028859330358684 3.975579390662646 0.08622821088120164 7.2938945693636725 0.6920487640709045 2.2379368563114572
773 6957 0.32979867219280734 0 -0.5145043302727185 1.0561309884427768 1.2677029610662167 5.999999997852959 7.999999998792102 9.99999999994421 1.7124118487966784e-10
1144 10296 285.73701260225255 0 -0.47527712166919744 0.5879357856370692 0.9475855969664408 5.999999986098556 1.8315131537357564e-08 9.99999999214169 11.999999969739903
273 2457 0.13241139914703443 0 -0.536099875660647 0.018646114571992754 0.04822748630469328 1.2574360325287237 5.13713105135509e-05 4.189879555589472 0.00032481042155519074
456 4104 0.488251271130811 0 -0.46029929592580987 3.472663026988733e-05 2.9130662291529688 5.999946398945465 0.001293191627506844 6.5566294685942434 5.986285258162099
778 7002 3.3758951161298842 0 -0.49416535270653744 0.7674104029690547 2.3831089094631843 5.999999854840648 7.999999869747625 1.6339487122476697e-07 11.999999346287492
463 4167 0.22657551687111305 0 -0.5145129167153577 0.6360505133591418 2.1539065392651495 5.999998777148209 7.999997791086913 1.020190978651946e-06 11.999990412170376
569 5121 0.8114537669763857 0 -0.5150200441777271 0.6357764448240654 2.1370093839489197 5.999998958954087 1.183047302852042e-06 9.999998493142215 11.999886169806581
145 1305 0.00024343820573379907 0 -0.4218817577968188 2.667955567581361e-11 3.178227112307673 5.999999999562577 7.9999999999768505 1.9819195928602977e-09 1.1520335036191183e-09
1672 15048 7056451.495966524 0 -0.38351438925347225 0.9507298664289001 1.5850378730757364 4.334002619202009 2.6866440415073067 6.1932556390374165 8.233802996821407
25 225 0.07533604780290706 0 -0.45815634356721624 0.03892944662915737 0.31121988461313305 5.276375860869415 0.7851880965695898 4.415524056312766 9.98417547037987
725 6525 12.659485624939682 0 -0.5195022320911838 1.4899783726070288 3.999746394498382 5.999994891371907 4.758823759195467 5.7991886343223735e-06 11.999998995826497
553 4977 0.3794561167592328 0 -0.46442439376052896 0.1444032092995711 4.8019161276983456e-05 5.723443621420451e-07 8.160896111870952e-06 9.999999873670227 4.307213310478091e-05
112 1008 0.2746065063330383 0 -0.4658917366199745 0.632853345850664 0.9672856184486266 4.469026707284681 7.995600045690941 9.980556292490144 8.033334582351364
278 2502 0.002738574996460005 0 -0.49813746437354034 1.9999999238872903 3.502187292220598 5.999999999048756 7.99999977883649 9.999996078399606 1.4821153627818519e-09
98 882 0.1278479399978344 0 -0.49468623837854625 0.14684409827477896 0.5288833078590994 0.08723623244688222 7.9761471421004675 0.10586063152242536 11.875558975244541
1824 16416 1129715.9164233191 0 -0.4594192015084556 0.9754939551462405 3.999999997366357 4.522331921982386e-10 7.999996981518681 9.999999993513592 11.999058019893678
352 3168 9.528753150086274e-05 0 -0.5147060441314392 0.6108785934616006 2.04915686246163 5.999999999999778 3.653378710224791e-11 9.999999999968994 11.999999999896055
1156 10404 83.96025515559356 0 -0.48249356367612717 0.6176817667206013 0.8949675029707473 5.999999934202238 7.999999954467254 1.0514215148739302e-07 11.999999995517243
152 1368 0.018173959868288285 0 -0.48057947515334304 1.29644583566316 1.2644301648821354 5.999999748768651 7.9999952843713595 9.6979644250459e-07 6.797810191859146
900 8100 117.69709533357138 0 -0.41340081248726923 0.014600267148307906 3.9521377868002117 4.308485141610044 5.270527291770142 9.630301297600033 7.923503863929242
815 7335 7.630251600870058 0 -0.49809689693932824 0.46627889155296465 3.999999770510254 0.0001115464438348909 7.99998581256602 0.37717952542238864 11.999998875230201
23 207 0.4114156684767247 0 -0.42732701512101534 1.042351021771667 3.9984693757309877 0.23060534095982127 7.166105330344747 1.4772126677787047 2.8894046098142745
5 45 0.27496562377881134 0 -0.5076972772719965 1.926696271458135 3.2107341871762443 5.54343756716367 5.554557820835187 0.01318957649004184 3.2753049747937872
457 4113 0.42625124043268087 0 -0.4603001981750839 1.3760800058819246e-05 2.9139387567192374 5.999994818799308 0.0009662515101277949 6.534381070568653 5.982631346936369
274 2466 0.15182268878074032 0 -0.5361036890691493 0.018343655578496362 0.04892964579112977 1.2557124315847172 0.00010063761118093809 4.196163247567088 6.411018713358819e-05
1145 10305 274.6927984781261 0 -0.47527712180537 0.5879207269388453 0.9476122505601209 5.999999950365603 2.3178204362913675e-08 9.999999932192278 11.999999996589336
774 6966 0.32637025975687567 0 -0.5145043302562652 1.056133063955398 1.2677050523824953 5.99999999998599 7.999999999073181 9.999999999876788 7.213664705579432e-10
779 7011 2.9098492356167602 0 -0.49416535349261265 0.7674218344205639 2.38308768324598 5.999999974214019 7.9999995980239325 7.954826089027671e-08 11.999999673740314
464 4176 0.25139730661212384 0 -0.5145129716705055 0.6360773421725088 2.1539856373664366 5.999999659600799 7.999998628492638 2.1235109811098115e-06 11.999992334404462
26 234 0.0754768980811081 0 -0.457840562967477 2.2975529169285606e-05 0.3289102145989991 5.251460708450117 0.8817850650716559 4.423022902480724 9.984270444982895
1673 15057 6789893.024769195 0 -0.3835143891475505 0.9511763611148578 1.5864780315492772 4.334831299798179 2.689583356359454 6.192970957313976 8.230441273655092
726 6534 11.10974076842303 0 -0.5195023556763742 1.4898183320318241 3.999718023410065 5.999998083064837 4.765750358071294 2.688042047553185e-07 11.999999757106268
353 3177 0.00010415226001500024 0 -0.5147060441314577 0.6108775284233481 2.0491529001497013 5.99999999999985 7.790337914290689e-14 9.999999999908585 11.999999999999922
99 891 0.140647821909751 0 -0.4948256706343911 0.1556780640753015 0.5175206224628389 0.014186987215535223 7.989533128819864 0.200631355073206 11.870256120034364
554 4986 0.3852405856935162 0 -0.4644243999354166 0.14440406381635953 4.6505582372377715e-05 8.422012673286625e-08 1.4153567042313264e-05 9.999998439753506 3.3626905995880186e-05
113 1017 0.2998622388258809 0 -0.46586849520451395 0.5976254608163879 0.9788551968865812 4.556223951824296 7.999981930433347 9.97073052718547 8.15747285871779
1157 10413 94.52546380089579 0 -0.48249356368262825 0.6176806970745277 0.894967954096726 5.99999983844279 7.999999960899995 3.8254093461038425e-08 11.999999823166139
279 2511 0.002850986471373603 0 -0.49813746523127533 1.99999992559113 3.502187345008052 5.9999999860405495 7.999999998269495 9.999996559713233 1.924172781729465e-08
901 8109 116.45080267888122 0 -0.41340081244701166 0.014261273997216176 3.950898227378954 4.310626830981546 5.271182870374167 9.623936775779544 7.922174266728835
146 1314 0.00021668014158304205 0 -0.4218817577969834 2.077442505529261e-11 3.1782410438625743 5.999999999942361 7.99999999971816 1.3604076378778183e-12 9.824316082173392e-10
1825 16425 1020507.9801341463 0 -0.45941920146755155 0.9754940629472239 3.9999999975060248 2.7485023614118926e-08 7.999997040088248 9.99999999494027 11.999056526027623
570 5130 0.7834217633472129 0 -0.5150200542238245 0.6358115766782771 2.137115168012908 5.999998020913538 2.053530725814687e-06 9.99999986151128 11.999854060431778
458 4122 0.3796421851265881 0 -0.4603000367710134 9.91773526847458e-06 2.9125165415076792 5.999955630612349 0.0007634736742500429 6.5368303909983085 5.971447413537148
153 1377 0.017799454521117537 0 -0.480579414037773 1.2963335996316918 1.265226531029935 5.999885492260539 7.999952211026327 6.024150055118962e-07 6.804928979909835
816 7344 7.786769381787112 0 -0.49809689617998276 0.46633006013708495 3.999999701472085 0.00011715997601152154 7.999986298897888 0.3750616121412898 11.999997767792076
24 216 0.345352395681559 0 -0.42732200777601514 1.0250377500716839 3.986807847003021 0.4633495701969505 7.475829818945016 0.8988527792481671 2.928865540712211
6 54 0.28126555971161366 0 -0.509794900792932 1.8140544153071938 3.562525371226632 5.9743341672870365 5.67012732607199 0.006319518101226405 3.450935926349829
1146 10314 246.42945758944563 0 -0.4752771211920307 0.5879179870731778 0.9476170911640697 5.999999887543217 9.470166317537387e-09 9.999999999218161 11.99999999999096
275 2475 0.15083852911844636 0 -0.5360993665854995 0.018552409621376754 0.04842544205793051 1.2263137570815474 0.0004699819463154175 4.2157255457908995 9.187289313010997e-05
465 4185 0.25626681986375643 0 -0.514512979353094 0.6360300735235644 2.1538437047369765 5.999999379194869 7.999998735951718 1.558974232912126e-08 11.999999406463477
780 7020 2.861831465550031 0 -0.4941653546411042 0.767411536922161 2.3831067490208806 5.999999971713602 7.99999963277834 2.8441794560407954e-08 11.999999847388088
727 6543 9.113888234951487 0 -0.5195023500529765 1.4898281551863353 3.999720699660464 5.999999607366784 4.765309252639204 9.273748334162137e-07 11.9999994240783
1674 15066 6163324.752247188 0 -0.3835143892486365 0.9506696645219299 1.586228362169528 4.334162193796798 2.6907515779162408 6.196006314133704 8.232137307932096
280 2520 0.002730956234398256 0 -0.498137465336893 1.9999999758414166 3.502187224529449 5.999999960810817 7.999999963035474 9.999995625655071 2.8683299587096044e-09
354 3186 9.065941515806759e-05 0 -0.5147060441315835 0.6108775077100866 2.0491528231021015 5.999999999995552 3.846611015904725e-11 9.999999999971305 11.999999999990179
27 243 0.08137996363767239 0 -0.45817852182021557 0.002544632425402495 0.377583321493432 5.323614897361257 0.8605019467713859 4.472624345926011 10.04165709411837
775 6975 0.3451194771974109 0 -0.5145043303088077 1.056120833895444 1.2676927361004355 5.99999999999648 7.999999999112407 9.999999999589882 1.2550148342975251e-12
555 4995 0.39303538345578987 0 -0.4644244088180583 0.14440701112621832 4.3048561203121326e-05 2.1908971054335688e-07 1.9449977040503414e-05 9.99999993489269 2.7692985259181497e-05
1158 10422 86.27951370822913 0 -0.48249356357434087 0.6176829104971588 0.8949670185799922 5.999999942909603 7.9999999975972385 5.83628845002443e-08 11.999999943466413
100 900 0.15001636933678195 0 -0.4945680707766562 0.16734723432081522 0.48959967648913927 0.0068603428289168876 7.957649041484001 0.1493827155888502 11.830650111868483
902 8118 104.72306756795454 0 -0.4134008124445496 0.014461165620580377 3.95248695803226 4.311362189660954 5.270341541196747 9.621468770594547 7.923991928439941
114 1026 0.2679253029364907 0 -0.4658418363579755 0.6388673275314259 0.9551567002669318 4.583827025730982 7.9941800358129305 9.998002711274646 7.827818774695075
1826 16434 941039.8111694622 0 -0.45941920147432214 0.9754934399285826 3.999999999985965 1.2600682369138746e-07 7.999996407136311 9.99999998831263 11.999065635627773
147 1323 0.00021490347841395484 0 -0.42188175779697384 2.9652358054416497e-11 3.1782682317067716 5.999999999998979 7.999999999889517 7.861413517460509e-11 1.0855980366807562e-09
154 1386 0.017429837163627296 0 -0.48057978421924075 1.2964022244105557 1.2647630032309998 5.9999271585030804 7.999998723634646 2.812260682102593e-05 6.800332651367494
817 7353 9.307552673027995 0 -0.49809690638358356 0.46637349301809256 3.9999997396424174 0.00012346147896851923 7.9999930727452835 0.37324255915055893 11.999997882111693
7 63 0.26439741594646715 0 -0.5127319284460434 1.7092722432135024 3.7007811402373902 5.829054639150356 5.656385236428702 0.22762942811407907 3.248579683785892
459 4131 0.3467097158882773 0 -0.4603002699534165 6.011705511762282e-06 2.913563856848746 5.99999089652899 0.0008066859554905242 6.525430979956022 5.974775733155929
571 5139 0.6716625596840309 0 -0.5150200761082221 0.6357728423767846 2.1369987809708006 5.999999177432499 1.8203560100623046e-06 9.999991676029357 11.999995091561296
25 225 0.32865312526259616 0 -0.4273574970039139 1.0463297701553438 3.9997062548702167 0.05801575601899586 7.86536908177528 0.5863297108537199 2.25985077065564
1675 15075 5780826.98324471 0 -0.3835143892091038 0.9508878062062207 1.5872338004959323 4.334182465980607 2.689273376881792 6.19309099491951 8.231904507866526
281 2529 0.0023868911970782013 0 -0.498137464674694 1.999999968489477 3.502187198683715 5.999999985365116 7.999999929703954 9.999995163951764 1.736772283087426e-08
781 7029 2.973261023897012 0 -0.4941653555698523 0.7674383560233986 2.383056989103561 5.999999978236748 7.999999320961215 5.101334224532773e-09 11.999999760230578
466 4194 0.2458051361551243 0 -0.5145129246292172 0.6360504745919845 2.1539046271672104 5.999999874962603 7.999996682923832 4.3147802611665835e-06 11.99999189477637
355 3195 9.993399096429057e-05 0 -0.5147060441322207 0.6108795056433522 2.0491602561256808 5.999999999999953 1.621860973811885e-11 9.999999999898243 11.999999999998936
1147 10323 203.28384468875984 0 -0.4752771219380411 0.5879261724096916 0.9476026121229391 5.999999960498868 1.8787006828638045e-08 9.999999998265096 11.999999999336545
276 2484 0.14233541870530036 0 -0.5361036850217913 0.018284207111207932 0.049043673336304716 1.2650917502713854 2.163595718472584e-05 4.197175173874459 0.00010955383350126538
728 6552 8.65992945072211 0 -0.5195023646589827 1.4898428117551283 3.9997339298827264 5.999995580726334 4.764404737620316 1.6585973560675856e-06 11.999998060596647
556 5004 0.36150453254902876 0 -0.46442440937436663 0.14440774356512504 4.27783175506536e-05 8.683468286224651e-08 2.2416944227737035e-05 9.999999829673332 2.7068683937160737e-05
28 252 0.0872118631177083 0 -0.4581611091129629 0.002467243890188581 0.32188034714486685 5.163565335684395 0.9424887427813797 4.545565727833226 10.015106596730202
776 6984 0.34857928456640974 0 -0.5145043302995107 1.0561193644122913 1.2676912559075888 5.999999997798847 7.999999999860013 9.999999999886885 3.0603379353709022e-09
101 909 0.17342615509675635 0 -0.4950950089257381 0.16762222035781849 0.4959882328687325 0.005695085107930741 7.993936118911845 0.040977589610798275 11.93466185440477
903 8127 91.12809761123977 0 -0.4134008124406216 0.014891420851030754 3.9528642348007605 4.3109623367363055 5.2704060218269415 9.625454807698413 7.923494026059736
155 1395 0.017475448565718463 0 -0.4805797847444034 1.2963851796810821 1.2649524169235509 5.999996789101139 7.99997673906499 4.347164603844302e-05 6.80142905039995
115 1035 0.26906667378995786 0 -0.4661142715394599 0.6379162773701291 0.9621205262913434 4.415433680634162 7.998475196901001 9.997923814760924 8.278457557351917
1676 15084 5581781.592587844 0 -0.3835143894235182 0.9514716253004649 1.5854183684531957 4.3337376861207355 2.6870917086992727 6.194731629783429 8.237955295331835
8 72 0.2623360561416711 0 -0.5127554922881808 1.82900278599215 3.3505164723044434 5.996785524639607 5.631923663775901 0.0206732435291367 2.803863870309317
818 7362 9.78433887075078 0 -0.49809690587247235 0.46631621932114464 3.99999974486858 0.00011353486630618815 7.999990513513437 0.37562778854669343 11.999999373499467
148 1332 0.00021622599351990706 0 -0.42188175779700177 1.1615618288162717e-11 3.178242232827817 5.999999999976412 7.999999999990075 1.2234313276223286e-10 1.9022932852144905e-09
1827 16443 884560.1437046928 0 -0.45941920133750436 0.9754946875176277 3.999999993975107 5.133804793244196e-09 7.999997701183851 9.999999895613518 11.999047357764038
460 4140 0.3545267002780992 0 -0.4603005510421471 6.322772216982054e-06 2.9113732818517737 5.999985128731747 0.0005676451217032407 6.536426215660553 5.961427410567526
26 234 0.32467353398623416 0 -0.4273449339313807 1.0120877074976609 3.9590736195445446 0.11881565188283363 7.974305137735668 0.9932604570257686 2.165255268251932
1159 10431 89.13350651044733 0 -0.48249356362469126 0.6176838366303183 0.8949666279748227 5.999999994666662 7.9999999996135855 1.1378459714487897e-10 11.999999928964222
572 5148 0.7212928750926708 0 -0.5150200731533245 0.6358285023206207 2.137166297074517 5.999994590401082 1.602222079436862e-06 9.999986590114975 11.99999150369693
282 2538 0.002205444546122952 0 -0.4981374655876922 1.9999999710170644 3.5021872802615426 5.999999970205122 7.999999920799524 9.999996523994605 1.1734026679070458e-07
782 7038 3.0815542800959315 0 -0.49416535736909745 0.76742231579635 2.383086728454423 5.999999999730136 7.999999938957859 6.491540842612387e-08 11.999999988983678
557 5013 0.31165309661890833 0 -0.46442443791608556 0.14441142402596047 3.780614864735575e-05 1.8258497935399928e-08 2.972155495611204e-05 9.999999914158987 1.1095315785462493e-05
29 261 0.0964960582030901 0 -0.4582165849116254 0.014545111363989338 0.2678972511012399 5.090809772479165 1.0407378355022139 4.484595215155723 9.998904494569613
1148 10332 191.62691832638296 0 -0.4752771220350221 0.587925810106397 0.9476032599356187 5.999999986373944 5.504412157158328e-09 9.999999964477809 11.99999999771223
277 2493 0.13405099847603427 0 -0.5361020345981028 0.01816607680501574 0.04921503471021702 1.241844326292989 2.791987385069655e-05 4.237764804286784 9.123358715376578e-05
467 4203 0.2558032425819124 0 -0.514512964986929 0.6361666723934841 2.1542512224771557 5.9999996453499325 7.999994643344944 1.115041200661814e-05 11.99999219037973
1677 15093 5425685.179304693 0 -0.38351438923532044 0.9511785525457315 1.5870111832011853 4.334626336216644 2.68678460931351 6.190608490216212 8.237619637355742
102 918 0.18668122218699323 0 -0.4950210040293454 0.16281217549423 0.5108484615240012 0.009126461062069388 7.997609579287733 0.1882559633207271 11.940422878484313
904 8136 81.81635610412464 0 -0.41340081249248517 0.01374702124605999 3.9538950155929773 4.308289276275061 5.272133893866639 9.625596318317232 7.921093886623123
116 1044 0.26203911639720184 0 -0.46593956417610694 0.612887118508465 0.9647667986092866 4.556742972666966 7.99735839282541 9.997226479185498 8.159722670458281
729 6561 8.550654558327297 0 -0.5195023595376416 1.489806152921769 3.9997196521270624 5.99999837001742 4.766198784756389 5.183103149053019e-06 11.999999999699279
9 81 0.2588982094172603 0 -0.5145183198393299 1.7267239951122813 3.6657197174104414 5.8806828440527665 4.985069015565264 0.0319228793624503 3.0905147700735323
156 1404 0.016406694740490214 0 -0.48057957804745377 1.2964477557827971 1.263664748568997 5.9999846946035555 7.999925200255376 2.9658426980657066e-06 6.796893914207693
777 6993 0.3507676275690179 0 -0.5145043303111425 1.0561205396344875 1.2676924388133974 5.999999998958856 7.999999998537409 9.999999999119858 1.68444096074547e-12
149 1341 0.0001902817002941359 0 -0.4218817577969709 4.326558602221891e-11 3.178250113087917 5.999999999939003 7.999999999777499 5.154378324457703e-11 8.630495078909437e-10
27 243 0.28578223115085477 0 -0.4273513620155952 1.0444148765898809 3.996847607192544 0.11258317234008369 7.959912595215251 0.6734721516068136 2.5318546984301222
819 7371 10.020520721005221 0 -0.49809691174565823 0.46645388776740376 3.9999993913216767 0.00013317604321725143 7.999989550999754 0.3699210279093925 11.999999091853459
1828 16452 768346.8185022513 0 -0.45941920151018745 0.9754939310539431 3.9999999993830717 7.238691441550002e-09 7.999996907205486 9.999999988758809 11.999058454060268
573 5157 0.6324011717471552 0 -0.5150200959420419 0.6358221723387494 2.137146908729204 5.999997349415259 2.142781023598935e-07 9.999991643165707 11.999997063483187
461 4149 0.40316511589642884 0 -0.46030028808742834 8.11803434418106e-08 2.9114954922042378 5.999993449547819 0.0005049384631892999 6.516314306014452 5.952155485641571
1160 10440 86.78761808916349 0 -0.48249356368420265 0.6176804314098254 0.8949680660181599 5.999999972101767 7.9999999631551555 2.168158361146458e-07 11.999999641686216
283 2547 0.002464324807293936 0 -0.49813746682327975 1.9999999582573338 3.5021873594206334 5.999999976308236 7.999999940122926 9.999997329517447 2.9232509291371956e-08
783 7047 3.0647078528038905 0 -0.4941653560893327 0.7674036550484067 2.383121366523363 5.999999998955708 7.99999996950578 1.4067138202973296e-07 11.999999925542845
30 270 0.09848204859997642 0 -0.45818932236281684 0.02107673209209294 0.32316865986275 5.299630485596576 0.9574729681357677 4.452220026443916 10.118576402506
278 2502 0.1367920670047868 0 -0.5360979234120037 0.018296312306753295 0.04891628631251449 1.2509471302751536 1.3263467654273608e-06 4.233701205872214 0.0006188383919333668
468 4212 0.31992048203214624 0 -0.5145130306643403 0.6362786803124643 2.154581376580847 5.99999959279188 7.999997625494119 4.293867524648202e-06 11.99998932937776
558 5022 0.26309628675876806 0 -0.46442442294019404 0.14440836125311185 4.172437510532829e-05 4.679547108780902e-12 2.29725662195268e-05 9.999999486171701 2.2979683530524046e-05
1678 15102 5212806.837770743 0 -0.3835143893349501 0.9518082191078063 1.5864601839173782 4.334070688669148 2.689001457509717 6.193900701020734 8.229744555830948
103 927 0.18346058401656953 0 -0.4947269695794144 0.17303797502152135 0.4795094065421127 0.017068945782469345 7.9766358352083255 0.0004000651463977724 11.862096669244899
1149 10341 193.07340212926871 0 -0.47527712174909387 0.5879227149179027 0.9476087360406527 5.9999999498288075 5.349809930442817e-09 9.999999959262182 11.999999995442403
905 8145 79.10070672531585 0 -0.41340081250523275 0.014425714632120603 3.9558818083961804 4.313628285482926 5.2701290211328375 9.619159902569436 7.923752288973909
117 1053 0.29286063435195403 0 -0.46654440359242694 0.602230447888512 0.9883437062154776 4.436306731263785 7.999999715640046 9.9991220675592 8.39907847497401
10 90 0.2645995798103212 0 -0.5151190233689065 1.7202716139677077 3.708204108889907 5.977580558513251 4.949875685484177 0.0030102205563424813 2.8740103236147503
1829 16461 706224.2894336022 0 -0.45941920161221955 0.975493384909381 3.999999998993846 2.1532731301681202e-08 7.999996352204843 9.999999931060872 11.999066458109647
730 6570 8.110081444324411 0 -0.5195023563894356 1.4898571561017293 3.9997443076487844 5.999999875388341 4.763583691473458 1.2064201617455493e-06 11.999998447693653
28 252 0.2717384461500389 0 -0.42735667144652073 1.059823702506707 3.9953367250403797 0.09665123611368472 7.817487534088744 0.49090380603604744 2.094193270611571
820 7380 13.254401695359018 0 -0.49809691977583775 0.4662731692706033 3.9999991750955064 9.048836529798986e-05 7.99999057371578 0.3774545086508672 11.999997448044311
157 1413 0.01576530424082794 0 -0.48057992131038674 1.2966059964061192 1.265216038018364 5.9999867300064045 7.999944647887463 9.574187628681815e-05 6.787822630494826
150 1350 0.00016987569867687977 0 -0.4218817577970053 3.246717877705539e-11 3.178246965470889 5.999999999954126 7.999999999897848 6.90876272009989e-11 3.515352999042085e-13
284 2556 0.0025731809597438282 0 -0.4981374658500319 1.999999915961219 3.5021874346215607 5.999999961872128 7.999999972631853 9.999997646498226 5.483187503682824e-08
574 5166 0.5871177393428548 0 -0.5150201053389118 0.6358317181019344 2.1371753892317256 5.999997422582426 2.274969496350264e-06 9.99999285215777 11.999999613350521
778 7002 0.3693946281469049 0 -0.5145043303339996 1.056116201023357 1.2676880695586514 5.999999999854128 7.9999999951723275 9.999999999616561 1.4092847535248538e-11
1161 10449 90.91522907028123 0 -0.4824935637202522 0.6176766594963565 0.8949696587435702 5.999999999959469 7.999999962334251 3.1741623906305314e-07 11.999999999999346
462 4158 0.4681895834609045 0 -0.46030063912756625 5.82300052249379e-07 2.9109185486837394 5.99998597237353 0.0003293384566752512 6.523867175737187 5.951069071305867
31 279 0.10621795379470392 0 -0.45808214809795134 0.004328637362728988 0.3234785397664216 5.210913073791011 0.9268178197466915 4.474514240179117 10.171947079085419
559 5031 0.22320335554788365 0 -0.4644244194630079 0.14440887985221 4.0905323640026666e-05 2.5675509685525617e-10 2.8682026251412408e-05 9.999999999765398 2.020597445030261e-05
279 2511 0.1350140856527204 0 -0.5360978353001895 0.018499032802588026 0.04859458851949387 1.2836830481462584 9.65641333950127e-06 4.18164402852212 3.415902449743089e-05
469 4221 0.40523069378023463 0 -0.5145130381656345 0.6363082175788143 2.1546699864604313 5.999999572316458 7.999993426911354 1.0176440717908811e-05 11.99999591024673
784 7056 2.9008436987105 0 -0.49416535511511667 0.7674687136734814 2.383000637820608 5.9999999147148975 7.999999809096688 7.327122240427149e-07 11.999999794338997
906 8154 78.81472651742627 0 -0.41340081251062616 0.014373368424648706 3.9548718690785614 4.310453419626809 5.267970251441887 9.623593943093242 7.928761199680024
11 99 0.2675230374455915 0 -0.510619680951315 1.987329187091141 3.40513407971665 5.743782766781142 4.658652916650909 0.4606699550684983 3.310134515126864
104 936 0.17720747221842442 0 -0.4946884349691495 0.1594369644973111 0.4948417266239872 0.0007129370664965922 7.955604086300116 0.004001061609104271 11.747125057985494
29 261 0.2927105408508487 0 -0.4273549121789428 0.9556067190557209 3.992327438658704 0.08495550128299562 7.330874820295021 0.2875634352347872 1.7061254742558813
1830 16470 613446.5108337026 0 -0.4594192016787261 0.9754938025370952 3.9999999976873357 5.873792384326966e-08 7.9999968611385714 9.99999999775158 11.999060337558538
1679 15111 4988022.293331086 0 -0.3835143893688584 0.9514091781004739 1.586994177322616 4.334247848467647 2.686250437011218 6.19019327301819 8.233567000192522
731 6579 8.15464592390434 0 -0.519502372759106 1.4898494894247885 3.999752191193875 5.999999388150725 4.763689441549933 1.0530859080443105e-06 11.999999730312858
821 7389 15.16839898449465 0 -0.4980969252450114 0.46633799692683925 3.9999990797238407 0.00010522393231047903 7.999995017807915 0.3747329172187141 11.999989942140322
1150 10350 194.625643363823 0 -0.4752771221538457 0.5879276045011348 0.9476000803961201 5.999999997638195 3.83848651852908e-09 9.999999924781175 11.999999986387598
118 1062 0.3003047232268422 0 -0.46616965659399445 0.62691249837619 0.9755031466124461 4.334989155828564 7.996329105295679 9.999047503324576 8.505075777403547
158 1422 0.01406928110456939 0 -0.4805792737560758 1.2965934105940484 1.2644224900120955 5.99999452881232 7.999974711215774 0.00010233762295533343 6.788676502573491
285 2565 0.0023967641064483168 0 -0.4981374663619074 1.999999946152867 3.502187341636658 5.999999987961242 7.999999963854992 9.999996882205814 3.422714307664749e-10
151 1359 0.00016463209934438087 0 -0.4218817577970175 3.9375571847172267e-13 3.1782283718907065 5.999999999955403 7.999999999946663 2.0939545356313544e-10 3.7089944965071933e-10
560 5040 0.24094410417277484 0 -0.4644244305365283 0.14441245931205132 3.736123946723564e-05 4.471359601571978e-07 2.4889245439750814e-05 9.999999984009921 1.539399222323244e-05
463 4167 0.49522357008339757 0 -0.46030011543512483 5.226392397888158e-06 2.91139259707824 5.999977901595954 0.0003708979978697276 6.532658910962087 5.959640083682731
1162 10458 87.13475961695946 0 -0.4824935637017197 0.6176787710469298 0.8949687671847346 5.999999977563345 7.999999991468398 2.142646544533684e-07 11.999999926251165
575 5175 0.6007797154047663 0 -0.5150200865576023 0.6358503725874479 2.13723129309069 5.999996570157617 6.6030151331583095e-06 9.999999997182455 11.99998837984356
779 7011 0.3714855189351845 0 -0.5145043303135971 1.0561087092660764 1.2676805256919 5.999999999603539 7.999999993499552 9.99999999999999 9.392124270075833e-12
32 288 0.09984002109471654 0 -0.4579860533698805 0.011339667034508932 0.29463089456405606 5.138261850993241 0.9047067698572148 4.628594682652716 10.042277348732846
12 108 0.22477342009659654 0 -0.5129621223083747 1.7588163306267042 3.642340507901735 5.791320696464746 5.269551438276496 0.0016002631332550194 2.980692929043727
30 270 0.31884639721297736 0 -0.427364090263708 1.0610984367106209 3.992485719090122 3.272738278070375e-06 7.600703194404259 0.0008711286211733247 1.980656953941527
280 2520 0.11423999645342706 0 -0.5360912028958498 0.018151239307633304 0.04914431031178824 1.2409097159105944 9.575744186700128e-05 4.250714041638681 0.00047197723413990326
907 8163 78.4164980795097 0 -0.41340081249616184 0.014113681245996879 3.9567133151865312 4.309377323699731 5.26767414272323 9.621799650229805 7.930217640307344
105 945 0.15683020602412318 0 -0.4947366695208483 0.16519731218985656 0.488092257822054 0.0008731231493598856 7.993692316667856 0.042594015916635614 11.841128620414896
1680 15120 4763417.709704069 0 -0.3835143893410619 0.9516764793026855 1.5870560411464412 4.334534290773145 2.688663178645605 6.192149884172305 8.231623286350741
732 6588 8.626240063160566 0 -0.5195024311924841 1.4898886697375662 3.9997579746715366 5.999999999197205 4.762057285714526 1.0948137282867532e-06 11.999999669545815
470 4230 0.4426695331015362 0 -0.5145130438085378 0.6364678748919063 2.155143043236715 5.999999047037141 7.999996570394655 9.036635719720261e-06 11.999973839860628
1831 16479 551811.3762524285 0 -0.45941920167627104 0.975493852699124 3.9999999990452637 6.12877380167194e-08 7.9999969129353 9.999999996890464 11.999059597982477
822 7398 14.873874999540712 0 -0.49809692257016075 0.4662981758623618 3.9999991960845342 9.660526319566471e-05 7.999989655019411 0.37640664079517866 11.999996833474324
785 7065 3.278045463873854 0 -0.49416535810885825 0.7674297338132109 2.3830729345159605 5.999999996151521 7.999999999551951 1.8428774503079554e-07 11.99999991286487
1151 10359 182.69492532375153 0 -0.47527712212089634 0.5879174385588577 0.9476180749916707 5.999999954598348 7.2893318415215855e-09 9.9999999979127 11.999999999491012
159 1431 0.013611309471258427 0 -0.48058010902709786 1.2966941146844093 1.2642970401237499 5.999967371078873 7.999999958143505 5.580438861305537e-05 6.781770846548255
286 2574 0.0022227807213388976 0 -0.4981374663504254 1.9999999492295282 3.5021874280042278 5.999999872425958 7.999999929451992 9.999997799194224 5.959873383661021e-09
119 1071 0.31894639091427424 0 -0.46626227958045907 0.6558303205694953 0.9423835817565849 4.4065553354826905 7.990919271709861 9.994971766565147 8.494972253394426
561 5049 0.250296226924924 0 -0.4644244333746289 0.14441302692135527 3.590383745721097e-05 1.923468445528013e-07 4.0039127814830674e-05 9.999999999941704 9.37549832730567e-06
152 1368 0.00014577089168171852 0 -0.4218817577969959 1.5421148525995742e-12 3.1782552961627677 5.9999999999648015 7.9999999999657705 2.277548245843556e-10 1.2476603685796655e-09
464 4176 0.4826740806493582 0 -0.4603003027734329 1.0754229285754729e-05 2.911837362914429 5.999940006123915 0.0003939492582713456 6.538279021009333 5.966408309399709
576 5184 0.5456440869111243 0 -0.5150200966133364 0.6358359064425129 2.137187909108047 5.999997629430304 1.1732019335573455e-06 9.999998638304321 11.99996253569755
33 297 0.09419961545333234 0 -0.45820124057561584 0.006607084812885443 0.31189766179418876 5.148350505556454 0.9604679708751495 4.61561272379751 10.007635129540423
1163 10467 82.84344385127702 0 -0.4824935637106653 0.6176700925911942 0.8949724312835465 5.999999980777745 7.999999804081183 3.823166299234844e-08 11.99999998101064
31 279 0.3561706892242668 0 -0.42736254904707666 1.0146440190795378 3.9451721828643556 0.09321008186224118 7.038963853358091 0.17933654276564098 1.6537303209916172
106 954 0.16236322653430835 0 -0.49476787536433625 0.13181990807330063 0.551183284700262 0.0006790870607138776 7.955372078173846 0.012233074864171335 11.746116513470197
13 117 0.20801154139779776 0 -0.5146453059814449 1.7237703773815467 3.6736184312629856 5.807699538161578 5.18324758566016 0.005462068460247494 2.8295878844664455
780 7020 0.36996167213958303 0 -0.5145043303237394 1.0561090538024738 1.2676808725899666 5.999999999159312 7.999999998822147 9.999999998601218 3.009861967339009e-09
281 2529 0.10491515841249603 0 -0.5360989899448255 0.018596091402746363 0.04821966770509615 1.2367663774315174 1.0330926795429891e-06 4.237393271058198 0.0001234609999767423
908 8172 70.4092486892277 0 -0.413400812552959 0.014411981419532824 3.95599406206508 4.311107492546393 5.2692642737547 9.624251873840686 7.925797309787423
1681 15129 4416983.9680047175 0 -0.3835143893854749 0.9513432606246868 1.5860987737086927 4.334519007371086 2.6863212536962005 6.19126524793867 8.236584787541204
1832 16488 566735.5229441886 0 -0.45941920172915984 0.9754938656208909 3.999999999884152 8.937824154564058e-11 7.9999969031273945 9.999999975072791 11.99905939476306
733 6597 8.410708081434782 0 -0.5195023971839213 1.489723307763846 3.999719825940329 5.999999998718325 4.769439989903239 2.4051577409666934e-07 11.999998636441616
823 7407 16.37546115952947 0 -0.4980969324872418 0.4663767587803858 3.9999990223214406 0.00010074700868757544 7.999987243147142 0.3731714685617469 11.99999966313811
471 4239 0.4599858339506964 0 -0.514513069588099 0.636384149824581 2.1548898181916516 5.999997511861796 7.999998371026518 7.237699994267794e-07 11.999999007740842
786 7074 3.7400325715126073 0 -0.4941653564609307 0.7674508964385388 2.383033638703449 5.999999944955607 7.999999982649577 5.211226760389898e-07 11.99999963081489
562 5058 0.29713814584093423 0 -0.4644244481462088 0.14441415914482808 3.484999715425942e-05 1.5452443885372028e-06 2.6560320268446505e-05 9.999999888164043 7.458251408260799e-06
287 2583 0.0021681359704945045 0 -0.49813746705580303 1.9999999459213447 3.5021874127822317 5.999999967390228 7.99999996596102 9.999997698274896 2.396265985117197e-08
1152 10368 175.04479113427993 0 -0.47527712229039704 0.5879119629803142 0.9476277641944013 5.9999999857100565 2.6886973245936128e-09 9.999999939856362 11.999999971108668
160 1440 0.013186391444024361 0 -0.48058002602789696 1.2965890161332243 1.2649798934008882 5.999995911215062 7.99996207591619 5.766324912224465e-06 6.788687670876037
120 1080 0.3267305998619567 0 -0.4666052056797565 0.6266986487378586 0.9721791804950679 4.26488011058908 7.999686617288231 9.97941816625007 9.006087154000879
465 4185 0.4240852354172636 0 -0.46030049654286626 1.3665971480608375e-05 2.912453836132658 5.99997346360616 0.0004920702992644232 6.538310733478047 5.971783794885907
34 306 0.08466082685100802 0 -0.458154746020541 0.015724336266217488 0.28067063986192314 5.164777278931797 1.008871570509172 4.48214613309523 10.12127190124132
107 963 0.14344502442237828 0 -0.49484185374597334 0.13670707623880446 0.5449877164673075 0.007338280635035917 7.976274278725764 0.027602442299081088 11.783917047663186
153 1377 0.00013029404737997295 0 -0.42188175779700077 1.8645241628844417e-12 3.1782140573114885 5.999999999999826 7.9999999999968345 3.4107461685401354e-10 1.248146040484035e-09
32 288 0.3560218263736999 0 -0.4273631956943063 1.0327488520231785 3.9674368239365356 0.12019738624005863 6.808184857909442 0.14772360034072496 1.2355277903847073
14 126 0.17561142811353922 0 -0.5132452511750254 1.829952323804048 3.5489865605037325 5.940663643188801 5.015857028762547 0.15828691991585564 2.9998116569185784
1164 10476 84.76050072864133 0 -0.4824935638137552 0.6176694690764606 0.8949726951349981 5.999999988004738 7.999999785648798 2.3520746934835744e-07 11.999999944904134
282 2538 0.08882168019968802 0 -0.5361013190703122 0.01821818116737716 0.04911422838647786 1.260674834508551 3.688601966454845e-05 4.22142314523151 0.0002948402968755679
734 6606 8.22128767805051 0 -0.5195024286632781 1.4897471290892494 3.999729356069326 5.999993124512113 4.768265236858202 2.9159166652802143e-06 11.999998471538886
1682 15138 4699827.918223561 0 -0.3835143893725686 0.9515773982506888 1.586634443580847 4.333941645704055 2.6889711501056914 6.1943823764350405 8.233353334839569
781 7029 0.3761337073995687 0 -0.5145043303489543 1.0561114531115185 1.2676832886333416 5.999999998613716 7.999999999843868 9.999999999018081 2.5876613403233923e-11
577 5193 0.653859675415439 0 -0.5150201118615235 0.635812013764795 2.1371161880696543 5.999998336216852 1.6372432724004022e-09 9.99999991867496 11.999999723390049
563 5067 0.3524555409686442 0 -0.46442445732033677 0.144414267345499 3.425152273717363e-05 1.3734241292380809e-06 2.0160992323446426e-05 9.999999716110212 5.190296263297498e-06
909 8181 74.07207937199895 0 -0.41340081252723376 0.013610093110793814 3.955862504981191 4.3099898099202205 5.269129499341715 9.62019332046644 7.927144885205656
288 2592 0.0025637644639145757 0 -0.4981374681430614 1.999999981124366 3.502187371288199 5.999999992877105 7.999999963154232 9.999997625593098 4.897826035924723e-08
1833 16497 572390.3272981078 0 -0.4594192017122864 0.9754941659405164 3.9999999996264677 7.134490317030834e-09 7.99999722898044 9.999999988898129 11.999054996211715
1153 10377 159.7818870981882 0 -0.4752771224513853 0.587912413387696 0.9476269676777528 5.999999984207701 2.247983600428803e-09 9.999999988703268 11.999999994986403
472 4248 0.46765797572563095 0 -0.5145131516227597 0.6364666280958683 2.1551357732078475 5.999999940650189 7.999998598327832 1.1730142818044575e-07 11.999993788908546
824 7416 14.46062990910585 0 -0.49809693103130925 0.4663987512636052 3.9999992354509457 0.00011142458550645855 7.99999272538467 0.37223338764238967 11.999999991169819
787 7083 3.772383580594446 0 -0.49416535990531557 0.7674723882396145 2.382993753869492 5.9999999997334355 7.999999855614632 3.13787236656251e-07 11.999999940296405
161 1449 0.016011602311630586 0 -0.48058029773195476 1.296691054773383 1.2670721962465576 5.999879933144566 7.999999641334151 1.8259000763743075e-05 6.783502990015485
35 315 0.08175257967252085 0 -0.4581803207059525 0.008810910228096698 0.30210052023382566 5.137930915743676 0.9569090990116694 4.451139144229791 10.165453783238638
121 1089 0.3568953047644735 0 -0.4665879714694463 0.6248521264674282 0.9744506919306702 4.326831123290796 7.999265145888682 9.999695594130332 8.881502393881664
466 4194 0.4199834972723007 0 -0.46030027155185466 1.5072609536641922e-07 2.911107707233417 5.999997547129373 0.0003672069777954563 6.517165674326288 5.949310060530466
33 297 0.3142597957052985 0 -0.42736435871965556 0.9870651014772155 3.9730440428354132 0.029501438831100745 7.128502346209336 0.04354524638281848 1.5242325202398572
108 972 0.11901524749127483 0 -0.49490779172842303 0.14482303184037856 0.5323308842904562 0.0002935390146342268 7.974336370286416 0.020736704824375687 11.822159868250758
154 1386 0.0001201845078630429 0 -0.42188175779703274 2.2796973796331137e-11 3.178242813725389 5.9999999999879305 7.999999999995804 5.157682761837919e-12 7.572678524000878e-13
1683 15147 4545177.991549561 0 -0.38351438940715393 0.952036246450946 1.5866851641164932 4.333810055561159 2.6894557258893332 6.195582931201906 8.235193639926683
15 135 0.20284660401522253 0 -0.5122246711690779 1.948193984819316 3.272313051134286 5.998621932401791 5.379634853997882 0.5235234884125533 3.1970252494197906
283 2547 0.08383891542070908 0 -0.5361015375361693 0.01797125323697213 0.049617019121702605 1.2523535790385238 6.233460866993119e-05 4.244866539367538 2.898811151586217e-06
1165 10485 85.74866957847766 0 -0.48249356387269154 0.6176685400741954 0.8949730879014721 5.999999988363832 7.99999973818764 5.121073245100082e-08 11.99999990565234
564 5076 0.3755902077955391 0 -0.46442447185739905 0.14441466775394118 3.432625783948994e-05 8.891673176670012e-07 1.2485948984458173e-05 9.999999508297703 7.17935768449643e-06
578 5202 0.6509402634832298 0 -0.5150201330216946 0.6358560020236466 2.1372479038279564 5.999996234429606 8.183857538683256e-07 9.999998277553697 11.999998762790055
735 6615 8.20091118257419 0 -0.5195023859757588 1.4897059101480017 3.9997299418895853 5.999989716138333 4.769880712811521 3.012716816629127e-08 11.999997774247547
782 7038 0.3506173724848261 0 -0.5145043303282472 1.0561062616087964 1.267678060695812 5.999999997278381 7.999999999278546 9.99999999887442 1.5216872546855188e-09
1834 16506 525256.7896998278 0 -0.4594192017654599 0.9754936703952187 3.999999999956114 1.4598026020295946e-08 7.999996721271205 9.99999998017652 11.999062261546062
289 2601 0.002690287946045161 0 -0.4981374677805211 1.9999999833288862 3.5021873732744333 5.999999922052222 7.999999996664874 9.999997683983702 3.634814898164978e-08
910 8190 78.87233234954665 0 -0.4134008125469075 0.013576846473282042 3.955471558492992 4.311498146703305 5.269758454528484 9.618250826934688 7.925461091691823
1154 10386 169.80775986887508 0 -0.4752771226038571 0.5879097314165775 0.9476317152710863 5.999999959188022 7.453465122164269e-10 9.999999991333603 11.999999998475122
36 324 0.07531381607745585 0 -0.45811702846801056 5.5124855451131735e-05 0.30626974935591544 5.113787592710328 0.9612901714991178 4.4104766211661595 10.037857505238406
825 7425 14.413020712635428 0 -0.4980969293751736 0.4664270100649613 3.99999828352046 0.00010058459813525693 7.999990740355256 0.37110022561644584 11.999998465954155
473 4257 0.471312869094375 0 -0.514513072638163 0.6364254425119441 2.155017777312611 5.999999407408228 7.999990545000198 1.2688642711579418e-05 11.999994971412512
788 7092 3.579937498802682 0 -0.49416535746873474 0.7674720921299341 2.382994329138109 5.9999999977751495 7.999999914492314 6.48484614675429e-08 11.999999876306866
122 1098 0.39747734277565455 0 -0.46687657115717157 0.5903696422439791 1.007557897558465 4.304710327826402 7.996604074915868 9.940173536638856 9.013982074684455
109 981 0.10384147448920257 0 -0.4948387412674877 0.13819667937325625 0.5474163388201763 0.0033675085049697843 7.981448128100836 0.07794629441580661 11.827376042051643
34 306 0.30858031683628073 0 -0.4273626697077222 0.9818891522850814 3.9932350967956736 0.09201691680737067 7.070196320198434 0.19035205214784728 0.737804638936457
467 4203 0.3864359466602176 0 -0.46030051407697603 3.390752640342783e-06 2.910472807792229 5.999984353213943 0.00027263876852968744 6.533370956795909 5.952125978995673
162 1458 0.015592145300362618 0 -0.4805799247973209 1.2967074736196704 1.2668399128962047 5.999821674714535 7.999994436041042 2.2824714905423252e-05 6.782536474543026
565 5085 0.387682993004477 0 -0.4644244737231871 0.14441615596964624 3.224597057287788e-05 1.6731060369298397e-06 1.4588575468041519e-05 9.999999986956258 2.5709692547734534e-06
1684 15156 4889542.687433735 0 -0.383514389472686 0.9521931410818634 1.5867617596165333 4.333027888727937 2.689788201288881 6.197133843902125 8.233195274579948
1835 16515 521173.94142312807 0 -0.45941920179472895 0.9754936228043282 3.999999999999273 3.651578123015042e-11 7.999996671593949 9.99999999792239 11.9990629526751
16 144 0.20266706749302257 0 -0.5143145214528688 1.9182521406228632 3.2868736209661793 5.957582315989862 5.28592870790181 0.23428607396341877 3.2157322753202884
736 6624 8.369155695072427 0 -0.5195024365782513 1.4897282763697288 3.999738685315826 5.999992247031897 4.76876780732898 2.156929908332927e-06 11.999998138441242
37 333 0.06852520077038428 0 -0.4582831498110544 0.015099100053656596 0.3092224931330449 5.127713852950781 0.9137856230950542 4.345295294334413 10.119033040281753
783 7047 0.3380975167206978 0 -0.5145043303393755 1.056111528681894 1.267683365061086 5.999999998940643 7.999999999529804 9.999999999822363 1.780094781917354e-10
911 8199 79.02673125215429 0 -0.4134008125881853 0.013403511843464552 3.955924340015481 4.309096640828514 5.268532043859481 9.620801995334414 7.928556880453479
155 1395 0.00010819714797781997 0 -0.4218817577970445 2.8253577807580542e-12 3.1782365296416155 5.999999999988103 7.999999999995961 3.5818872286407626e-12 6.297559738904895e-11
284 2556 0.07915191871377494 0 -0.5361000399326401 0.017887846805871098 0.049899239882937846 1.2668542413639183 1.9922785559598646e-05 4.226005625577973 0.0002736271407444797
290 2610 0.002604567678315042 0 -0.4981374674494957 1.9999999752670083 3.5021873881589842 5.999999894933151 7.999999986025437 9.999997665290639 4.309976296570479e-08
1166 10494 85.31330389861645 0 -0.48249356385376574 0.6176661217481705 0.8949741083662777 5.999999999336223 7.999999604872571 1.1608516930482027e-07 11.999999979719895
579 5211 0.6910111304697022 0 -0.5150201039989029 0.6358557859475509 2.1372474689995338 5.99999429287773 4.602079003270268e-08 9.999989649292973 11.999999876754078
1155 10395 191.24183469910326 0 -0.4752771227845674 0.5879040918261343 0.9476416995416244 5.999999992402416 8.539460031973546e-09 9.999999990833055 11.999999964428406
826 7434 16.753790420356815 0 -0.4980969402124388 0.4665459390453002 3.999997873587062 0.00011926193204934295 7.999992083075247 0.36614883233183 11.999992181531255
110 990 0.09468439678808362 0 -0.49485597257473835 0.15176380858187155 0.5111569912952573 0.03206174823135061 7.976446891221898 0.004565697375555927 11.778683562851455
123 1107 0.44334684953443887 0 -0.46704917733951967 0.6501887416267739 0.9124222137593356 4.530484943796584 7.999604819930577 9.980709524613967 9.260080552310702
474 4266 0.42424702066424286 0 -0.514513030642763 0.6363957061621681 2.1549294387804 5.999988877238566 7.999997738366511 2.6600469768197144e-07 11.999994465691085
1685 15165 4886589.0558899045 0 -0.38351438947573957 0.9522566707741746 1.5860925138070163 4.332869051137036 2.6883413327789825 6.197012604867685 8.235969556850034
35 315 0.29233392863422647 0 -0.4273634933742133 0.9874776003610019 3.9914576893342426 0.004025341011115135 6.662745518271624 0.016504586381576782 0.4401714557831444
468 4212 0.38663616352172003 0 -0.4603007891367293 3.7453120143409622e-06 2.911545362791245 5.999999344718103 0.00035756828401037 6.529814487583707 5.959594524008348
789 7101 3.934880242949724 0 -0.49416536079854323 0.7674801319097238 2.382979354636338 5.9999999997658175 7.999999803001254 5.1611243698632334e-09 11.999999635555978
17 153 0.193851797849663 0 -0.5127185689425301 1.8518648807826945 3.360475658285684 5.994291701854444 5.311859960505595 0.06711803916160872 3.094772234711649
1836 16524 521365.4002334579 0 -0.4594192017405667 0.9754938719335172 3.99999999879828 1.4042391190929415e-08 7.999996921468651 9.999999999992049 11.999059302291652
566 5094 0.4314336584911277 0 -0.4644244853168511 0.1444212864034644 2.7520966960564595e-05 1.0076706614638988e-07 2.5059406360195078e-05 9.999999978278002 1.7950414933758202e-07
737 6633 8.450634316209639 0 -0.5195024855898832 1.4898017301472166 3.9997535779236864 5.999997232657326 4.765562296579411 3.934341676116349e-06 11.999999391638385
912 8208 89.32364881118455 0 -0.4134008125953075 0.012718705033081378 3.956359037841564 4.309306270888767 5.2702479542371865 9.61672270406951 7.925655872484242
38 342 0.06423889163269547 0 -0.45815422792920385 0.008384091588327628 0.2697347575696036 5.033943414580283 1.0090331103529004 4.30831640462329 10.035334366711556
163 1467 0.014928729472084894 0 -0.48058001061158395 1.2965764062094973 1.2662862700892077 5.99991592284244 7.999999268290185 4.675736993090108e-05 6.790228289197255
784 7056 0.3417181353301807 0 -0.5145043303396573 1.0561030149894628 1.2676747917568423 5.999999999938699 7.999999998438454 9.999999999814992 1.1649571827039563e-10
580 5220 0.6239907515920288 0 -0.5150200987960711 0.6358640018913899 2.137271460387448 5.999995044182672 8.255359115801308e-08 9.999985904277526 11.999999913235177
1156 10404 206.06293839210582 0 -0.47527712271992123 0.5879021987404429 0.9476450555472106 5.999999991252059 3.0472280591524856e-08 9.999999998810935 11.999999981024287
291 2619 0.002757632266374561 0 -0.4981374669554633 1.9999999968162459 3.502187312239554 5.999999924882387 7.999999994429937 9.999996832856358 5.789396735502879e-09
156 1404 9.441612336745384e-05 0 -0.4218817577970444 1.6426085222849917e-13 3.1782389423625474 5.999999999999835 7.999999999999893 4.08406866515006e-12 2.7760309713652515e-10
827 7443 16.854038516660008 0 -0.49809694803318016 0.46648408501856437 3.999997819376563 9.994859996509608e-05 7.9999902092781765 0.36873944567159345 11.999993944311967
1167 10503 93.75653805624889 0 -0.4824935638217156 0.6176672272489744 0.8949736414170492 5.999999999535144 7.999999631005722 2.252003395579657e-09 11.999999964032398
285 2565 0.08114704049224515 0 -0.5361003968449798 0.017968746431786697 0.04969793595749951 1.2570671564182114 7.29185121544982e-05 4.230126836908862 7.389276172291589e-08
567 5103 0.48976761582034467 0 -0.46442451339963314 0.14442238552125805 2.6355237296722153e-05 1.2376130576340108e-07 1.2834619345067885e-05 9.99999985905574 1.8559384058347466e-07
1837 16533 538478.9282142448 0 -0.45941920181461 0.9754940686451744 3.9999999999157123 5.029223095753188e-10 7.999997150685355 9.999999999818604 11.999056407551254
18 162 0.20321239740504132 0 -0.5134399133548031 1.9992852781708284 3.0308162340887033 5.999979402371863 5.64223177178851 0.29692958788496615 3.4501632974879697
1686 15174 4829644.514846146 0 -0.3835143894610985 0.9516606564686874 1.587612128020033 4.333386756738839 2.689418529542586 6.195320942796845 8.236451499870173
36 324 0.2812560751449967 0 -0.42736702818985467 1.0322327197444643 3.9990206272506206 0.008359122722203554 7.368711391056802 0.19833486718972043 1.341525986092966
111 999 0.10402680608654276 0 -0.49505502249506306 0.1509900327651692 0.5217124829177077 0.006214220742000047 7.996700411255499 0.02055675180333842 11.829465428188788
124 1116 0.5074676893187529 0 -0.46772922033559816 0.6342914071065844 0.9322630359510842 4.3226633528335325 7.9978030834872875 9.868160721375666 10.153831952712192
469 4221 0.37538063389345494 0 -0.46030069397007745 7.091987986197603e-06 2.912553752029189 5.999979229677628 0.00033845119622429325 6.53060967537775 5.968844427267143
790 7110 4.354133847869087 0 -0.4941653616771199 0.7674801386805814 2.3829793252578853 5.999999933685562 7.9999999970657 2.8520062523654626e-07 11.999999882249131
738 6642 8.73210661052512 0 -0.5195025270058237 1.4897443578225065 3.999747367175473 5.999996698207592 4.767947118450422 9.320691118991071e-09 11.999999596925694
475 4275 0.40965318467682077 0 -0.5145130712257905 0.6363084552100947 2.1546667805226454 5.999999356462829 7.9999999999790115 4.040827188731293e-06 11.99999999720314
913 8217 91.386520866543 0 -0.4134008125505242 0.013073035247236816 3.9573960268347554 4.3091940693772175 5.270439010744869 9.616466093067045 7.925546276304007
39 351 0.057958936183174145 0 -0.4582487316084099 0.0071407372127102785 0.2915976436575593 5.080516982760628 0.9947418541955296 4.4079301124986525 10.095180763664459
581 5229 0.5940591466393054 0 -0.5150201089942931 0.6358905189901797 2.1373518322517726 5.999993608580232 1.5711710377007574e-07 9.99999661194131 11.99998371314297
164 1476 0.013663130167442132 0 -0.4805802481721835 1.296645869862809 1.2664675637695002 5.999973779891371 7.999999124699992 5.785132565328984e-05 6.7861732600585185
785 7065 0.35591258828665834 0 -0.5145043303510672 1.05610602718477 1.2676778243265514 5.999999999936199 7.9999999969098115 9.999999999173 7.551422728993616e-10
292 2628 0.0023657307313181743 0 -0.4981374677943909 1.9999999802943675 3.502187332778583 5.999999999979032 7.999999966579454 9.999997208062128 4.483681036241044e-08
1157 10413 241.45316603622408 0 -0.47527712316866516 0.5878906961862129 0.9476654142358045 5.999999970445488 1.4036904806101426e-08 9.999999999514946 11.999999997725622
828 7452 17.61869208827238 0 -0.49809693830520646 0.4666071782002403 3.999996007771118 0.00012115367737367252 7.999994430449807 0.363608440532721 11.999992521490409
1687 15183 4758671.83384327 0 -0.3835143895889913 0.9519758832559635 1.5869142069500304 4.33278581547176 2.6887257918464975 6.196712815246724 8.237038625561631
157 1413 9.344325449039041e-05 0 -0.4218817577970367 1.562990631169615e-12 3.178234849846548 5.999999999993907 7.999999999999999 5.114978370370592e-13 7.819675369657608e-10
568 5112 0.52873929942907 0 -0.4644245135754649 0.14442706836346367 2.152459404808912e-05 2.4604258487343724e-08 2.540918227978053e-05 9.999999551845919 4.23676197214816e-06
1838 16542 556065.3955334936 0 -0.459419201788884 0.9754934308623844 3.9999999999999916 3.980880592048097e-09 7.999996473334036 9.999999999101696 11.999065774891772
37 333 0.2311002953364149 0 -0.4273682332670005 1.028467691488693 3.9990244873724707 0.001898777938254149 7.379942656084692 0.00854471795724829 1.52890323925093
19 171 0.20802412649334828 0 -0.5150213697734715 1.8251930965499559 3.4609324361500096 5.999775514274972 5.0622935300850935 0.0040925518381082346 3.080134470224423
1168 10512 97.33465866843767 0 -0.48249356387869907 0.6176667591862821 0.8949738402152129 5.999999998586367 7.9999996612256465 1.0669170128506393e-09 11.999999995310494
470 4230 0.33166895535409097 0 -0.46030080006279783 7.281402127518695e-06 2.912327828140494 5.999994119312685 0.0006011131465644055 6.532369094120371 5.967632230758674
112 1008 0.09896807840465911 0 -0.49500091026653453 0.15876399572743233 0.5027883336787036 0.025013361510796927 7.982311653226866 0.0001594265812390651 11.830083318711367
286 2574 0.08351584645114665 0 -0.53610114943787 0.018204273647269696 0.049213413205071256 1.2417974538632222 7.636781183681313e-05 4.222331282610004 7.701734201226463e-05
125 1125 0.5448049203595273 0 -0.4677686435176155 0.6600928290349294 0.8933229324941918 4.393826892251536 7.999999900110432 9.997729684892604 10.211662955079188
739 6651 9.745357420742964 0 -0.5195024878208279 1.489600565064877 3.999726253084387 5.99998969060555 4.774042528894661 3.6599989771429205e-07 11.999996381930634
791 7119 4.1182444929449336 0 -0.49416536326665106 0.7674952180942025 2.3829513092272636 5.999999972751064 7.999999801254962 7.496659407531611e-08 11.999999961945552
476 4284 0.3754300952492797 0 -0.5145131620229279 0.6364950602445698 2.155223112203803 5.999998659794168 7.9999997499107 2.5492308452859364e-06 11.999984694840032
914 8226 84.47868321445354 0 -0.41340081252981226 0.0136828885554668 3.9568736519799206 4.312602529833189 5.272860397442485 9.616533338141839 7.919211718462415
40 360 0.05621446075270851 0 -0.4581638673247838 0.0031881899561998373 0.3178532018013361 5.10428752313771 0.9400677588936477 4.4865819133955505 10.04103755067804
582 5238 0.5356099897542657 0 -0.5150201266987449 0.635917196935758 2.137431611560134 5.999992086428869 1.560456501187495e-08 9.99999010965557 11.999993467535502
165 1485 0.013116162229598868 0 -0.4805799904718957 1.2966324494069454 1.2667865402801102 5.999925451737117 7.9999939936843845 5.7729637009012354e-05 6.78686326827944
293 2637 0.002139192049486287 0 -0.49813746936601805 1.9999999861324955 3.5021873989783363 5.999999986040153 7.9999999911606 9.999998060901397 2.325830140447377e-08
158 1422 8.765354735602271e-05 0 -0.4218817577970418 8.752843148080547e-12 3.1782238983650224 5.999999999989191 7.999999999998998 8.905598561055171e-13 3.665866889940161e-12
1688 15192 5134500.764631495 0 -0.38351438959366474 0.9519129820754242 1.587242428964244 4.332675324631444 2.6870047679449343 6.194645235382683 8.237817163582653
20 180 0.1980020723234693 0 -0.5125658077579501 1.9648466314170114 3.1694746028635477 5.998367121458095 5.109852326733242 0.21733132110230524 3.25013750558631
1839 16551 489116.0678012592 0 -0.45941920176990586 0.9754938183474383 3.9999999999315463 1.8631597862459497e-09 7.999996871857751 9.999999990714615 11.999060086632504
786 7074 0.3250558446976283 0 -0.5145043303333182 1.056094321218344 1.2676660368808506 5.999999999854199 7.999999997777136 9.999999999989992 4.975316872029538e-10
829 7461 17.83246440373261 0 -0.4980969592347127 0.46654895273823643 3.9999971129765375 9.982285705502968e-05 7.999996211086997 0.3660579009563524 11.999999367374553
1169 10521 91.06799642432992 0 -0.4824935638316327 0.617668300625295 0.8949731891121429 5.999999995082897 7.999999722848176 1.7441346881625433e-07 11.99999997157067
1158 10422 274.8579158964686 0 -0.47527712311481096 0.5878900098147067 0.9476666346547461 5.999999971723838 4.061450490733665e-09 9.999999996437177 11.999999986661777
569 5121 0.5833682451366986 0 -0.46442452238594056 0.14442198417939223 2.675103647059535e-05 1.7687616195289317e-07 1.7061309244903368e-06 9.999999387880148 7.086239540333054e-07
471 4239 0.2891092288385222 0 -0.4603007605611489 1.58527063717903e-05 2.911633887671253 5.999993906202423 0.0003576045850395016 6.545875871016397 5.968731649010326
38 342 0.19791297231196933 0 -0.4273686856161211 1.028816345810633 3.9965556286644737 0.004600714939298475 7.016938898351928 0.13094058642876633 1.4577855724915865
113 1017 0.09422103132307456 0 -0.49510031748037764 0.15495254824180738 0.5156337221975383 0.003345500158895958 7.994399849431381 0.0017334285482374454 11.861700361354131
287 2583 0.08765560983378541 0 -0.5361016490070964 0.01828770202002705 0.04898142999881115 1.2305797234695635 3.1895050833554227e-06 4.23712205150619 0.00010710098067945479
740 6660 11.019608267770634 0 -0.5195025150793222 1.489739809504939 3.999767822447861 5.999997081333638 4.767617426104353 1.0388602526046783e-06 11.99999975849546
126 1134 0.5720241518550498 0 -0.4671786961016402 0.6833244653723783 0.86019695290781 4.586840244641235 7.9722251654863285 9.718902537068997 9.938093042416678
792 7128 3.8990782439658744 0 -0.4941653615619722 0.7674809649872368 2.382977808096805 5.999999999847965 7.999999977448401 1.2397304093484513e-09 11.999999553910891
915 8235 81.78209088486146 0 -0.4134008125386202 0.013267480021885214 3.956438848379898 4.307699102079475 5.271239690522345 9.624523591206504 7.923279425305445
166 1494 0.01178855318018734 0 -0.48058027016345556 1.2967092912643172 1.2675948705235816 5.999905866499637 7.999999043960387 5.9105856425902354e-05 6.782510319976751
294 2646 0.002135943664501759 0 -0.49813746833832984 1.9999999988778092 3.5021873389339575 5.9999999516869655 7.999999997694222 9.999997397900303 2.2633730619022567e-09
1689 15201 6245469.947868794 0 -0.3835143896600021 0.9515315591636284 1.5879225428570691 4.332146093912963 2.689470403609852 6.197620017139364 8.238049949922454
41 369 0.050027139088669986 0 -0.45822386508368973 0.00359708845579156 0.3081795726212127 5.0829290659398625 0.9425651508980943 4.408206272588607 10.100024926295992
477 4293 0.38551652981833695 0 -0.5145131784515575 0.6365196647340864 2.155295388665766 5.9999971517193735 7.9999990306876985 7.155997599681994e-08 11.999993804755178
583 5247 0.4908571789355081 0 -0.5150201169596204 0.635887637529051 2.1373430425890176 5.999994280919942 3.604341015680373e-07 9.999988793954486 11.999999755037747
1840 16560 453879.646453839 0 -0.459419201783529 0.9754936346977293 3.9999999999445723 4.400797023271927e-10 7.999996652600874 9.999999999905894 11.999062745562256
21 189 0.2047178558078604 0 -0.5153241800998287 1.9163877658660624 3.374734782784686 5.961473294892102 4.7806889290869785 0.2903750542578105 3.3200258466087202
830 7470 16.49570168357687 0 -0.49809696590589697 0.46646939870748644 3.9999985977338546 9.82977164177428e-05 7.999996911741206 0.36934993309544095 11.999998317592912
570 5130 0.5867602968900024 0 -0.46442450512384964 0.1444194686981744 2.919487713235042e-05 6.211931112272731e-07 1.0621827823337663e-06 9.99999966269684 2.911707886409175e-06
472 4248 0.29728183082766835 0 -0.46030098731726665 2.2463267401360404e-05 2.912735626187308 5.99999862646411 0.00046366284283914233 6.546860326514117 5.978783677207576
39 351 0.1892438543871519 0 -0.42736698761864717 1.0250670728114524 3.9919739483792904 0.004179256941748228 7.328930870320786 0.0009616215441748889 1.948980612536435
114 1026 0.09574887772815022 0 -0.4951833147216109 0.13800211750539637 0.552661698806096 0.005277850917833411 7.99352272890507 0.004320539274828841 11.860606515093563
1159 10431 401.2201841214448 0 -0.4752771236245386 0.5878679248924671 0.9477057428478912 5.9999999727408 2.292358302278472e-09 9.999999997449796 11.999999989599912
741 6669 10.325451608205809 0 -0.5195025590185093 1.4897002731196642 3.999753649051918 5.999995559676698 4.769527585639674 5.21245517227188e-07 11.999999738698621
916 8244 81.5723322713515 0 -0.4134008126195832 0.013242595398709187 3.957724103473776 4.309496323576638 5.268499296852977 9.619854666607722 7.9286229532016295
1690 15210 6807336.463689824 0 -0.38351438963756446 0.9516243754323579 1.5868620849893844 4.3319089302119895 2.6882386617913006 6.197975279326763 8.238227965146997
127 1143 0.5014918969851658 0 -0.4677506523781226 0.643318049598711 0.8861285858080046 4.649249788517904 7.975796911698034 9.9174129917426 9.861828910218637
1170 10530 78.89789849364062 0 -0.48249356385072795 0.6176661473757137 0.8949740988391991 5.999999998515735 7.999999688000676 7.272932809128273e-08 11.999999859044156
793 7137 3.633574892614395 0 -0.49416536267325006 0.7675120300337341 2.3829201118696006 5.999999996043502 7.999999974888119 5.0518309377436987e-08 11.999999677601764
42 378 0.04526808290448887 0 -0.45829155309644326 0.0049912319603692325 0.31499246700562145 5.089599338678272 0.9325715358899688 4.379153429824211 10.07880083183594
787 7083 0.3464047687969597 0 -0.5145043303821984 1.0561042062172106 1.2676759902511765 5.9999999999657065 7.9999999979576915 9.999999999961382 1.1732645876076874e-11
295 2655 0.002222721883434223 0 -0.49813746885105903 1.9999999962855246 3.5021873718956678 5.9999999685516325 7.999999945858353 9.999997877671328 5.643439243286622e-10
167 1503 0.011373180939050674 0 -0.48058044839673925 1.2965488633714874 1.2668611110085881 5.999999567363998 7.999999070252354 2.9997661724753525e-05 6.792375533982696
288 2592 0.0888014877940393 0 -0.5361012713739884 0.018444351436748056 0.04873005967865736 1.24668082546918 8.507253341140724e-05 4.199155848424739 0.00010076878016751752
22 198 0.22245489351769118 0 -0.5152226681945519 1.9656629314454903 3.238831587188187 5.9988697934540305 4.92268998338613 0.21105173716520043 3.2112294379789788
584 5256 0.44136288371139987 0 -0.5150201142471983 0.6358906995518652 2.1373527116730093 5.999991045127808 5.994213514984006e-09 9.999991620331294 11.999999760925498
571 5139 0.5780902862836774 0 -0.464424521311764 0.14442814097967724 2.0863910916860205e-05 4.870203540904099e-08 1.4002287414031012e-05 9.999999608751061 2.254988378016554e-06
831 7479 16.070420603078198 0 -0.4980969796912556 0.4664538349410935 3.9999982167282364 8.830395347743194e-05 7.9999978712036475 0.3700093990055259 11.999999058124146
1841 16569 443595.2980964434 0 -0.45941920178155404 0.9754935663009958 3.999999999789149 6.454298784549521e-09 7.999996604786705 9.999999999958318 11.99906377790381
917 8253 89.98079346577836 0 -0.41340081267470213 0.01319498626592501 3.9561182825857664 4.309119075723238 5.268379633561712 9.624409655584122 7.928107611248553
478 4302 0.3399028573816533 0 -0.5145131398314065 0.6364155552125801 2.1549839414293688 5.999999854320244 7.999998885229528 1.1279091095692023e-06 11.999999999455198
40 360 0.19162037283377434 0 -0.4273676318185364 1.0132816165614895 3.986981982279338 0.007939629615208227 7.272895923020281 0.07292859843546382 1.361942995319165
115 1035 0.09211094562217961 0 -0.4950634183928064 0.14234657782247076 0.5405374159422932 0.0245815279668467 7.994523645053071 0.0006315529985687812 11.844101081873054
473 4257 0.3421134262039218 0 -0.46030083072872313 3.4127349288495995e-05 2.912843685447041 5.999986057114001 0.00023751391158217906 6.5540248644079355 5.983487867562037
1160 10440 480.3817225156587 0 -0.4752771226641239 0.5878735896818921 0.9476956988892811 5.999999919633594 6.772926443916552e-08 9.999999948674978 11.999999994553768
742 6678 10.887435841126383 0 -0.5195026095810352 1.4897347045900966 3.999769527965453 5.9999966290043725 4.7678051114917634 3.5578991300355373e-09 11.999999764668656
1691 15219 7719969.311302777 0 -0.38351438969732765 0.9514582786171046 1.5867782842370355 4.331183408279821 2.689675289517219 6.201201500652025 8.238959017080418
128 1152 0.4265976789135651 0 -0.46738677214720203 0.6654647137106988 0.8996561759092805 4.427763086391477 7.999996589473143 9.94127864178543 9.813869560517986
296 2664 0.002330564395862706 0 -0.4981374694247078 1.9999999923272749 3.502187380287062 5.99999999986136 7.99999999500851 9.999997905830032 8.265193576562698e-09
794 7146 3.6368583176173095 0 -0.49416536345342027 0.7675358588906598 2.3828758420593057 5.999999998447719 7.999999970627735 1.7565820358627784e-07 11.99999975593864
168 1512 0.010980583877334629 0 -0.48058038114881974 1.296714576791848 1.2667932638078139 5.99999920040142 7.999997198246923 1.2094485875934695e-05 6.782032130619815
788 7092 0.38728343446279095 0 -0.5145043303858 1.0561021075132933 1.2676738765976567 5.999999999095664 7.999999999429112 9.999999999827269 1.0497707383144692e-11
23 207 0.20383052683615543 0 -0.5148704814162317 1.999688151276019 3.1779694194792474 5.969407177577533 4.963505900833717 0.3390736151682348 3.433647486578718
572 5148 0.6024202738449166 0 -0.4644245474663298 0.14443080215642637 1.8126567826329826e-05 1.0083164575551396e-07 3.9038710514935146e-06 9.999998597715518 8.828711750713742e-06
918 8262 95.44090309431272 0 -0.4134008126421973 0.013840635520639823 3.955806417777699 4.311788262072538 5.267787884543276 9.622541877536554 7.92845015735746
832 7488 15.469880434001341 0 -0.49809696339331766 0.4663459111306096 3.999997861023355 7.275615307590188e-05 7.999999418897034 0.3744686015577027 11.99999906326893
585 5265 0.3999936895095593 0 -0.5150201169384669 0.635843040547384 2.1372094820181817 5.99999539439182 2.3577151013003642e-07 9.99999640676315 11.999999196308302
289 2601 0.09689048019721261 0 -0.5361026136448179 0.018254608866793753 0.04909361125099165 1.2598186127099227 1.9306996772037493e-05 4.207317552673576 0.00021707839045991643
41 369 0.17798273704693987 0 -0.4273687045926514 1.0170459786660675 3.9974461456803465 0.017807345387862883 6.971350432277422 0.01603917027928079 1.2599165559103112
43 387 0.04437288482601137 0 -0.4582891619526573 0.004453316140013979 0.3356646934116068 5.133097319623156 0.882738573453987 4.330262284934886 10.111138235751358
1171 10539 78.28561439379278 0 -0.48249356390065246 0.6176652406831524 0.8949744817078449 5.999999999811062 7.999999706454472 8.375854948909298e-08 11.999999918565116
116 1044 0.08422176618194716 0 -0.4951154101537536 0.13653171998352961 0.5551789869325355 0.011506112384546578 7.9875294007801445 0.0030960617342716944 11.866800117579725
1842 16578 432493.9826557297 0 -0.459419201809355 0.9754942248169041 3.9999999999133777 2.8499860094500594e-10 7.99999730685469 9.999999998840872 11.9990541035859
479 4311 0.35687072572415546 0 -0.514513180924275 0.6364977551583465 2.1552273316537436 5.999998743132676 7.9999987228469305 6.17964659518366e-12 11.999999863030075
